05/23 11:54:00 AM gpu device = 0
05/23 11:54:00 AM args = Namespace(data='../data', set='cifar10', batch_size=64, learning_rate=0.1, learning_rate_min=0.0, momentum=0.9, weight_decay=0.0003, report_freq=50, gpu=0, epochs=50, init_channels=16, layers=8, model_path='saved_models', cutout=False, cutout_length=16, drop_path_prob=0.3, save='../search-EXP-20250523-115357', seed=2, iterations=3, grad_clip=5, celltype='normal', resume='', train_portion=0.5, unrolled=False, arch_learning_rate=0.0006, arch_weight_decay=0.001, pop_momentum=0, step_size=0.1, samples=3, mon=0.4, warm_start_epochs=5)
05/23 11:54:01 AM param size = 0.299774MB
05/23 11:54:02 AM epoch 0 lr 1.000000e-01
05/23 11:54:02 AM alphas normal :
tensor([[0.0721, 0.0721, 0.0721, 0.1959, 0.1959, 0.1959, 0.1959],
        [0.1959, 0.0721, 0.0721, 0.1959, 0.1959, 0.1959, 0.0721],
        [0.1959, 0.0721, 0.0721, 0.1959, 0.0721, 0.1959, 0.1959],
        [0.0721, 0.0721, 0.0721, 0.1959, 0.1959, 0.1959, 0.1959],
        [0.0721, 0.0721, 0.1959, 0.0721, 0.1959, 0.1959, 0.1959],
        [0.0721, 0.0721, 0.0721, 0.1959, 0.1959, 0.1959, 0.1959],
        [0.0721, 0.0721, 0.0721, 0.1959, 0.1959, 0.1959, 0.1959],
        [0.0721, 0.0721, 0.0721, 0.1959, 0.1959, 0.1959, 0.1959],
        [0.1959, 0.0721, 0.1959, 0.0721, 0.1959, 0.1959, 0.0721],
        [0.0721, 0.0721, 0.0721, 0.1959, 0.1959, 0.1959, 0.1959],
        [0.1959, 0.0721, 0.0721, 0.1959, 0.1959, 0.0721, 0.1959],
        [0.1959, 0.0721, 0.1959, 0.1959, 0.0721, 0.0721, 0.1959],
        [0.1959, 0.0721, 0.0721, 0.1959, 0.0721, 0.1959, 0.1959],
        [0.0721, 0.0721, 0.0721, 0.1959, 0.1959, 0.1959, 0.1959]])
05/23 11:54:02 AM alphas reduce :
tensor([[0.0721, 0.0721, 0.1959, 0.1959, 0.1959, 0.0721, 0.1959],
        [0.0721, 0.1959, 0.1959, 0.1959, 0.1959, 0.0721, 0.0721],
        [0.0721, 0.1959, 0.0721, 0.1959, 0.1959, 0.1959, 0.0721],
        [0.0721, 0.1959, 0.0721, 0.1959, 0.1959, 0.1959, 0.0721],
        [0.0721, 0.1959, 0.0721, 0.1959, 0.1959, 0.0721, 0.1959],
        [0.0721, 0.1959, 0.0721, 0.1959, 0.1959, 0.0721, 0.1959],
        [0.0721, 0.1959, 0.0721, 0.1959, 0.1959, 0.1959, 0.0721],
        [0.0721, 0.1959, 0.0721, 0.1959, 0.1959, 0.0721, 0.1959],
        [0.0721, 0.1959, 0.1959, 0.0721, 0.1959, 0.1959, 0.0721],
        [0.0721, 0.1959, 0.0721, 0.1959, 0.1959, 0.0721, 0.1959],
        [0.1959, 0.1959, 0.0721, 0.1959, 0.1959, 0.0721, 0.0721],
        [0.0721, 0.1959, 0.0721, 0.1959, 0.1959, 0.0721, 0.1959],
        [0.0721, 0.1959, 0.0721, 0.1959, 0.1959, 0.1959, 0.0721],
        [0.0721, 0.1959, 0.0721, 0.1959, 0.1959, 0.0721, 0.1959]])
05/23 11:54:02 AM genotype = Genotype(normal=[('sep_conv_3x3', 0), ('avg_pool_3x3', 1), ('avg_pool_3x3', 0), ('sep_conv_3x3', 1), ('sep_conv_3x3', 0), ('sep_conv_3x3', 1), ('sep_conv_3x3', 0), ('avg_pool_3x3', 1)], normal_concat=range(2, 6), reduce=[('skip_connect', 0), ('max_pool_3x3', 1), ('max_pool_3x3', 0), ('max_pool_3x3', 1), ('max_pool_3x3', 0), ('max_pool_3x3', 1), ('max_pool_3x3', 0), ('avg_pool_3x3', 1)], reduce_concat=range(2, 6))
05/23 11:55:58 AM loss = 12.500000
05/23 11:55:58 AM alphas normal :
tensor([[0.0722, 0.0720, 0.0721, 0.1960, 0.1959, 0.1961, 0.1958],
        [0.1959, 0.0721, 0.0721, 0.1961, 0.1957, 0.1961, 0.0720],
        [0.1960, 0.0720, 0.0721, 0.1961, 0.0720, 0.1959, 0.1959],
        [0.0721, 0.0720, 0.0722, 0.1959, 0.1962, 0.1958, 0.1958],
        [0.0720, 0.0720, 0.1963, 0.0721, 0.1960, 0.1958, 0.1958],
        [0.0721, 0.0721, 0.0722, 0.1960, 0.1958, 0.1958, 0.1960],
        [0.0721, 0.0721, 0.0721, 0.1958, 0.1959, 0.1961, 0.1959],
        [0.0721, 0.0720, 0.0721, 0.1958, 0.1959, 0.1960, 0.1961],
        [0.1960, 0.0721, 0.1959, 0.0720, 0.1959, 0.1961, 0.0720],
        [0.0720, 0.0720, 0.0721, 0.1960, 0.1958, 0.1959, 0.1961],
        [0.1960, 0.0722, 0.0721, 0.1959, 0.1960, 0.0720, 0.1958],
        [0.1961, 0.0722, 0.1957, 0.1959, 0.0721, 0.0721, 0.1959],
        [0.1959, 0.0721, 0.0721, 0.1958, 0.0721, 0.1961, 0.1959],
        [0.0721, 0.0721, 0.0720, 0.1959, 0.1960, 0.1959, 0.1961]])
05/23 11:55:58 AM alphas reduce :
tensor([[0.0721, 0.0721, 0.1958, 0.1959, 0.1959, 0.0723, 0.1960],
        [0.0721, 0.1960, 0.1960, 0.1957, 0.1961, 0.0720, 0.0721],
        [0.0721, 0.1958, 0.0721, 0.1958, 0.1959, 0.1961, 0.0722],
        [0.0721, 0.1958, 0.0720, 0.1961, 0.1958, 0.1961, 0.0720],
        [0.0721, 0.1960, 0.0720, 0.1959, 0.1960, 0.0721, 0.1958],
        [0.0721, 0.1958, 0.0720, 0.1961, 0.1958, 0.0722, 0.1960],
        [0.0720, 0.1959, 0.0721, 0.1958, 0.1961, 0.1959, 0.0722],
        [0.0721, 0.1958, 0.0721, 0.1959, 0.1958, 0.0721, 0.1961],
        [0.0721, 0.1958, 0.1960, 0.0720, 0.1960, 0.1961, 0.0720],
        [0.0720, 0.1959, 0.0721, 0.1962, 0.1958, 0.0721, 0.1960],
        [0.1959, 0.1960, 0.0720, 0.1958, 0.1961, 0.0721, 0.0721],
        [0.0722, 0.1960, 0.0721, 0.1959, 0.1958, 0.0720, 0.1960],
        [0.0721, 0.1958, 0.0722, 0.1958, 0.1961, 0.1960, 0.0720],
        [0.0720, 0.1962, 0.0721, 0.1957, 0.1959, 0.0721, 0.1959]])
05/23 11:55:58 AM genotype = Genotype(normal=[('dil_conv_3x3', 0), ('dil_conv_3x3', 1), ('skip_connect', 2), ('sep_conv_5x5', 1), ('dil_conv_3x3', 3), ('dil_conv_3x3', 1), ('dil_conv_5x5', 0), ('dil_conv_3x3', 3)], normal_concat=range(2, 6), reduce=[('sep_conv_5x5', 1), ('dil_conv_5x5', 0), ('sep_conv_3x3', 1), ('dil_conv_3x3', 0), ('dil_conv_5x5', 2), ('dil_conv_3x3', 3), ('sep_conv_3x3', 0), ('max_pool_3x3', 4)], reduce_concat=range(2, 6))
05/23 11:56:00 AM train 000 2.470802e+00 4.687500 50.000000
05/23 11:56:43 AM train 050 2.344370e+00 20.343137 71.170343
05/23 11:57:24 AM train 100 2.178012e+00 22.586634 75.556931
05/23 11:58:06 AM train 150 2.068685e+00 25.175911 78.507864
05/23 11:58:48 AM train 200 1.987639e+00 27.215485 80.884639
05/23 11:59:29 AM train 250 1.937279e+00 28.623008 82.277141
05/23 12:00:11 PM train 300 1.893152e+00 30.024917 83.450997
05/23 12:00:54 PM train 350 1.847368e+00 31.566061 84.481838
05/23 12:01:28 PM train_acc 32.464000
05/23 12:01:29 PM valid 000 1.793243e+00 40.625000 90.625000
05/23 12:01:49 PM valid 050 1.782424e+00 37.622549 85.876225
05/23 12:02:08 PM valid 100 1.768017e+00 37.654703 86.107673
05/23 12:02:27 PM valid 150 1.759452e+00 37.675911 86.506623
05/23 12:02:46 PM valid 200 1.765861e+00 37.189055 86.442786
05/23 12:03:06 PM valid 250 1.765821e+00 37.051793 86.528884
05/23 12:03:25 PM valid 300 1.764936e+00 36.903032 86.524086
05/23 12:03:44 PM valid 350 1.761241e+00 36.907942 86.520655
05/23 12:03:59 PM valid_acc 36.680000
05/23 12:03:59 PM epoch 1 lr 9.990134e-02
05/23 12:03:59 PM alphas normal :
tensor([[0.0722, 0.0720, 0.0721, 0.1960, 0.1959, 0.1961, 0.1958],
        [0.1959, 0.0721, 0.0721, 0.1961, 0.1957, 0.1961, 0.0720],
        [0.1960, 0.0720, 0.0721, 0.1961, 0.0720, 0.1959, 0.1959],
        [0.0721, 0.0720, 0.0722, 0.1959, 0.1962, 0.1958, 0.1958],
        [0.0720, 0.0720, 0.1963, 0.0721, 0.1960, 0.1958, 0.1958],
        [0.0721, 0.0721, 0.0722, 0.1960, 0.1958, 0.1958, 0.1960],
        [0.0721, 0.0721, 0.0721, 0.1958, 0.1959, 0.1961, 0.1959],
        [0.0721, 0.0720, 0.0721, 0.1958, 0.1959, 0.1960, 0.1961],
        [0.1960, 0.0721, 0.1959, 0.0720, 0.1959, 0.1961, 0.0720],
        [0.0720, 0.0720, 0.0721, 0.1960, 0.1958, 0.1959, 0.1961],
        [0.1960, 0.0722, 0.0721, 0.1959, 0.1960, 0.0720, 0.1958],
        [0.1961, 0.0722, 0.1957, 0.1959, 0.0721, 0.0721, 0.1959],
        [0.1959, 0.0721, 0.0721, 0.1958, 0.0721, 0.1961, 0.1959],
        [0.0721, 0.0721, 0.0720, 0.1959, 0.1960, 0.1959, 0.1961]])
05/23 12:03:59 PM alphas reduce :
tensor([[0.0721, 0.0721, 0.1958, 0.1959, 0.1959, 0.0723, 0.1960],
        [0.0721, 0.1960, 0.1960, 0.1957, 0.1961, 0.0720, 0.0721],
        [0.0721, 0.1958, 0.0721, 0.1958, 0.1959, 0.1961, 0.0722],
        [0.0721, 0.1958, 0.0720, 0.1961, 0.1958, 0.1961, 0.0720],
        [0.0721, 0.1960, 0.0720, 0.1959, 0.1960, 0.0721, 0.1958],
        [0.0721, 0.1958, 0.0720, 0.1961, 0.1958, 0.0722, 0.1960],
        [0.0720, 0.1959, 0.0721, 0.1958, 0.1961, 0.1959, 0.0722],
        [0.0721, 0.1958, 0.0721, 0.1959, 0.1958, 0.0721, 0.1961],
        [0.0721, 0.1958, 0.1960, 0.0720, 0.1960, 0.1961, 0.0720],
        [0.0720, 0.1959, 0.0721, 0.1962, 0.1958, 0.0721, 0.1960],
        [0.1959, 0.1960, 0.0720, 0.1958, 0.1961, 0.0721, 0.0721],
        [0.0722, 0.1960, 0.0721, 0.1959, 0.1958, 0.0720, 0.1960],
        [0.0721, 0.1958, 0.0722, 0.1958, 0.1961, 0.1960, 0.0720],
        [0.0720, 0.1962, 0.0721, 0.1957, 0.1959, 0.0721, 0.1959]])
05/23 12:03:59 PM genotype = Genotype(normal=[('dil_conv_3x3', 0), ('dil_conv_3x3', 1), ('skip_connect', 2), ('sep_conv_5x5', 1), ('dil_conv_3x3', 3), ('dil_conv_3x3', 1), ('dil_conv_5x5', 0), ('dil_conv_3x3', 3)], normal_concat=range(2, 6), reduce=[('sep_conv_5x5', 1), ('dil_conv_5x5', 0), ('sep_conv_3x3', 1), ('dil_conv_3x3', 0), ('dil_conv_5x5', 2), ('dil_conv_3x3', 3), ('sep_conv_3x3', 0), ('max_pool_3x3', 4)], reduce_concat=range(2, 6))
05/23 12:05:45 PM loss = 25.000000
05/23 12:05:45 PM alphas normal :
tensor([[0.0721, 0.0720, 0.0720, 0.1963, 0.1959, 0.1960, 0.1956],
        [0.1962, 0.0720, 0.0721, 0.1960, 0.1957, 0.1961, 0.0720],
        [0.1959, 0.0720, 0.0723, 0.1962, 0.0719, 0.1959, 0.1958],
        [0.0720, 0.0720, 0.0721, 0.1963, 0.1960, 0.1959, 0.1957],
        [0.0720, 0.0720, 0.1962, 0.0720, 0.1962, 0.1959, 0.1957],
        [0.0721, 0.0722, 0.0722, 0.1960, 0.1957, 0.1959, 0.1958],
        [0.0721, 0.0721, 0.0720, 0.1957, 0.1961, 0.1961, 0.1960],
        [0.0720, 0.0720, 0.0722, 0.1957, 0.1960, 0.1959, 0.1963],
        [0.1958, 0.0720, 0.1962, 0.0720, 0.1958, 0.1962, 0.0720],
        [0.0721, 0.0720, 0.0721, 0.1959, 0.1960, 0.1958, 0.1961],
        [0.1962, 0.0721, 0.0721, 0.1960, 0.1958, 0.0720, 0.1958],
        [0.1962, 0.0723, 0.1957, 0.1960, 0.0720, 0.0721, 0.1958],
        [0.1961, 0.0720, 0.0721, 0.1956, 0.0722, 0.1960, 0.1960],
        [0.0721, 0.0720, 0.0720, 0.1958, 0.1960, 0.1959, 0.1962]])
05/23 12:05:45 PM alphas reduce :
tensor([[0.0722, 0.0720, 0.1960, 0.1958, 0.1958, 0.0723, 0.1959],
        [0.0721, 0.1960, 0.1961, 0.1956, 0.1959, 0.0720, 0.0722],
        [0.0720, 0.1958, 0.0722, 0.1958, 0.1962, 0.1959, 0.0721],
        [0.0720, 0.1958, 0.0720, 0.1960, 0.1959, 0.1962, 0.0720],
        [0.0721, 0.1959, 0.0719, 0.1960, 0.1962, 0.0721, 0.1957],
        [0.0721, 0.1960, 0.0720, 0.1961, 0.1956, 0.0722, 0.1960],
        [0.0720, 0.1958, 0.0720, 0.1958, 0.1963, 0.1960, 0.0722],
        [0.0721, 0.1957, 0.0720, 0.1959, 0.1959, 0.0722, 0.1961],
        [0.0722, 0.1957, 0.1959, 0.0721, 0.1962, 0.1960, 0.0720],
        [0.0719, 0.1960, 0.0721, 0.1962, 0.1960, 0.0721, 0.1958],
        [0.1959, 0.1959, 0.0720, 0.1960, 0.1962, 0.0721, 0.0721],
        [0.0722, 0.1959, 0.0721, 0.1958, 0.1958, 0.0720, 0.1961],
        [0.0721, 0.1957, 0.0721, 0.1957, 0.1963, 0.1961, 0.0719],
        [0.0721, 0.1961, 0.0721, 0.1956, 0.1958, 0.0722, 0.1961]])
05/23 12:05:45 PM genotype = Genotype(normal=[('sep_conv_3x3', 0), ('avg_pool_3x3', 1), ('sep_conv_3x3', 1), ('sep_conv_3x3', 0), ('dil_conv_5x5', 2), ('dil_conv_3x3', 3), ('avg_pool_3x3', 1), ('dil_conv_5x5', 4)], normal_concat=range(2, 6), reduce=[('skip_connect', 1), ('skip_connect', 0), ('sep_conv_5x5', 2), ('dil_conv_3x3', 1), ('sep_conv_5x5', 1), ('sep_conv_5x5', 3), ('sep_conv_5x5', 3), ('sep_conv_3x3', 0)], reduce_concat=range(2, 6))
05/23 12:05:45 PM train 000 1.582126e+00 39.062500 90.625000
05/23 12:06:26 PM train 050 1.539077e+00 41.482843 91.023284
05/23 12:07:08 PM train 100 1.500711e+00 43.904703 91.615099
05/23 12:07:50 PM train 150 1.487716e+00 44.733030 91.773593
05/23 12:08:32 PM train 200 1.482093e+00 45.211443 92.086443
05/23 12:09:13 PM train 250 1.474607e+00 45.555279 92.181275
05/23 12:09:57 PM train 300 1.452069e+00 46.454527 92.348422
05/23 12:10:40 PM train 350 1.436960e+00 47.079772 92.494658
05/23 12:11:15 PM train_acc 47.596000
05/23 12:11:15 PM valid 000 1.863734e+00 46.875000 87.500000
05/23 12:11:35 PM valid 050 1.678500e+00 44.424020 87.653186
05/23 12:11:54 PM valid 100 1.674561e+00 43.997525 88.118812
05/23 12:12:14 PM valid 150 1.669088e+00 44.091474 87.934603
05/23 12:12:33 PM valid 200 1.668386e+00 44.037624 88.028607
05/23 12:12:54 PM valid 250 1.666741e+00 44.173307 88.147410
05/23 12:13:16 PM valid 300 1.668760e+00 44.269103 88.154070
05/23 12:13:34 PM valid 350 1.667269e+00 44.413283 88.154380
05/23 12:13:49 PM valid_acc 44.272000
05/23 12:13:50 PM epoch 2 lr 9.960574e-02
05/23 12:13:50 PM alphas normal :
tensor([[0.0721, 0.0720, 0.0720, 0.1963, 0.1959, 0.1960, 0.1956],
        [0.1962, 0.0720, 0.0721, 0.1960, 0.1957, 0.1961, 0.0720],
        [0.1959, 0.0720, 0.0723, 0.1962, 0.0719, 0.1959, 0.1958],
        [0.0720, 0.0720, 0.0721, 0.1963, 0.1960, 0.1959, 0.1957],
        [0.0720, 0.0720, 0.1962, 0.0720, 0.1962, 0.1959, 0.1957],
        [0.0721, 0.0722, 0.0722, 0.1960, 0.1957, 0.1959, 0.1958],
        [0.0721, 0.0721, 0.0720, 0.1957, 0.1961, 0.1961, 0.1960],
        [0.0720, 0.0720, 0.0722, 0.1957, 0.1960, 0.1959, 0.1963],
        [0.1958, 0.0720, 0.1962, 0.0720, 0.1958, 0.1962, 0.0720],
        [0.0721, 0.0720, 0.0721, 0.1959, 0.1960, 0.1958, 0.1961],
        [0.1962, 0.0721, 0.0721, 0.1960, 0.1958, 0.0720, 0.1958],
        [0.1962, 0.0723, 0.1957, 0.1960, 0.0720, 0.0721, 0.1958],
        [0.1961, 0.0720, 0.0721, 0.1956, 0.0722, 0.1960, 0.1960],
        [0.0721, 0.0720, 0.0720, 0.1958, 0.1960, 0.1959, 0.1962]])
05/23 12:13:50 PM alphas reduce :
tensor([[0.0722, 0.0720, 0.1960, 0.1958, 0.1958, 0.0723, 0.1959],
        [0.0721, 0.1960, 0.1961, 0.1956, 0.1959, 0.0720, 0.0722],
        [0.0720, 0.1958, 0.0722, 0.1958, 0.1962, 0.1959, 0.0721],
        [0.0720, 0.1958, 0.0720, 0.1960, 0.1959, 0.1962, 0.0720],
        [0.0721, 0.1959, 0.0719, 0.1960, 0.1962, 0.0721, 0.1957],
        [0.0721, 0.1960, 0.0720, 0.1961, 0.1956, 0.0722, 0.1960],
        [0.0720, 0.1958, 0.0720, 0.1958, 0.1963, 0.1960, 0.0722],
        [0.0721, 0.1957, 0.0720, 0.1959, 0.1959, 0.0722, 0.1961],
        [0.0722, 0.1957, 0.1959, 0.0721, 0.1962, 0.1960, 0.0720],
        [0.0719, 0.1960, 0.0721, 0.1962, 0.1960, 0.0721, 0.1958],
        [0.1959, 0.1959, 0.0720, 0.1960, 0.1962, 0.0721, 0.0721],
        [0.0722, 0.1959, 0.0721, 0.1958, 0.1958, 0.0720, 0.1961],
        [0.0721, 0.1957, 0.0721, 0.1957, 0.1963, 0.1961, 0.0719],
        [0.0721, 0.1961, 0.0721, 0.1956, 0.1958, 0.0722, 0.1961]])
05/23 12:13:50 PM genotype = Genotype(normal=[('sep_conv_3x3', 0), ('avg_pool_3x3', 1), ('sep_conv_3x3', 1), ('sep_conv_3x3', 0), ('dil_conv_5x5', 2), ('dil_conv_3x3', 3), ('avg_pool_3x3', 1), ('dil_conv_5x5', 4)], normal_concat=range(2, 6), reduce=[('skip_connect', 1), ('skip_connect', 0), ('sep_conv_5x5', 2), ('dil_conv_3x3', 1), ('sep_conv_5x5', 1), ('sep_conv_5x5', 3), ('sep_conv_5x5', 3), ('sep_conv_3x3', 0)], reduce_concat=range(2, 6))
05/23 12:15:37 PM loss = 50.000000
05/23 12:15:37 PM alphas normal :
tensor([[0.0721, 0.0721, 0.0720, 0.1961, 0.1959, 0.1961, 0.1957],
        [0.1962, 0.0719, 0.0720, 0.1960, 0.1957, 0.1963, 0.0719],
        [0.1959, 0.0721, 0.0723, 0.1963, 0.0720, 0.1958, 0.1957],
        [0.0720, 0.0719, 0.0722, 0.1964, 0.1959, 0.1961, 0.1956],
        [0.0720, 0.0719, 0.1960, 0.0720, 0.1961, 0.1959, 0.1961],
        [0.0722, 0.0721, 0.0722, 0.1962, 0.1956, 0.1959, 0.1957],
        [0.0722, 0.0721, 0.0719, 0.1956, 0.1964, 0.1960, 0.1958],
        [0.0720, 0.0720, 0.0722, 0.1958, 0.1959, 0.1960, 0.1961],
        [0.1957, 0.0720, 0.1961, 0.0721, 0.1957, 0.1964, 0.0720],
        [0.0721, 0.0720, 0.0721, 0.1960, 0.1960, 0.1956, 0.1961],
        [0.1961, 0.0721, 0.0722, 0.1962, 0.1958, 0.0719, 0.1958],
        [0.1961, 0.0723, 0.1956, 0.1962, 0.0720, 0.0720, 0.1959],
        [0.1963, 0.0720, 0.0721, 0.1956, 0.0721, 0.1961, 0.1959],
        [0.0720, 0.0719, 0.0720, 0.1957, 0.1963, 0.1960, 0.1961]])
05/23 12:15:37 PM alphas reduce :
tensor([[0.0721, 0.0720, 0.1960, 0.1956, 0.1961, 0.0723, 0.1959],
        [0.0720, 0.1962, 0.1962, 0.1954, 0.1960, 0.0721, 0.0722],
        [0.0720, 0.1958, 0.0722, 0.1962, 0.1960, 0.1959, 0.0721],
        [0.0720, 0.1956, 0.0720, 0.1962, 0.1961, 0.1961, 0.0720],
        [0.0721, 0.1959, 0.0719, 0.1958, 0.1962, 0.0721, 0.1960],
        [0.0720, 0.1962, 0.0720, 0.1959, 0.1955, 0.0722, 0.1963],
        [0.0720, 0.1960, 0.0720, 0.1959, 0.1961, 0.1958, 0.0722],
        [0.0721, 0.1957, 0.0720, 0.1959, 0.1960, 0.0723, 0.1960],
        [0.0721, 0.1956, 0.1959, 0.0722, 0.1962, 0.1959, 0.0721],
        [0.0720, 0.1963, 0.0720, 0.1961, 0.1959, 0.0720, 0.1956],
        [0.1959, 0.1959, 0.0720, 0.1958, 0.1962, 0.0721, 0.0721],
        [0.0722, 0.1958, 0.0721, 0.1957, 0.1959, 0.0722, 0.1961],
        [0.0720, 0.1958, 0.0720, 0.1957, 0.1962, 0.1963, 0.0719],
        [0.0720, 0.1961, 0.0721, 0.1956, 0.1959, 0.0723, 0.1960]])
05/23 12:15:37 PM genotype = Genotype(normal=[('dil_conv_3x3', 1), ('sep_conv_3x3', 0), ('sep_conv_3x3', 1), ('sep_conv_3x3', 0), ('dil_conv_3x3', 3), ('sep_conv_5x5', 1), ('avg_pool_3x3', 3), ('sep_conv_5x5', 4)], normal_concat=range(2, 6), reduce=[('max_pool_3x3', 1), ('sep_conv_5x5', 0), ('sep_conv_3x3', 1), ('sep_conv_5x5', 2), ('dil_conv_5x5', 0), ('sep_conv_5x5', 3), ('max_pool_3x3', 0), ('dil_conv_3x3', 3)], reduce_concat=range(2, 6))
05/23 12:15:37 PM train 000 1.291129e+00 56.250000 92.187500
05/23 12:16:20 PM train 050 1.312794e+00 51.286765 94.087010
05/23 12:17:04 PM train 100 1.300842e+00 52.181312 94.136757
05/23 12:17:46 PM train 150 1.296405e+00 52.535182 94.143212
05/23 12:18:29 PM train 200 1.284077e+00 52.852923 94.348570
05/23 12:19:10 PM train 250 1.271600e+00 53.374004 94.416086
05/23 12:19:53 PM train 300 1.265270e+00 53.934801 94.404070
05/23 12:20:36 PM train 350 1.258099e+00 54.273504 94.484509
05/23 12:21:10 PM train_acc 54.488000
05/23 12:21:11 PM valid 000 1.743596e+00 40.625000 89.062500
05/23 12:21:31 PM valid 050 1.420460e+00 48.498775 93.719363
05/23 12:21:50 PM valid 100 1.418763e+00 49.504950 93.579827
05/23 12:22:10 PM valid 150 1.422664e+00 49.637831 93.367136
05/23 12:22:29 PM valid 200 1.419516e+00 49.657960 93.423507
05/23 12:22:49 PM valid 250 1.420502e+00 49.688745 93.295568
05/23 12:23:08 PM valid 300 1.420391e+00 49.724875 93.153032
05/23 12:23:27 PM valid 350 1.422930e+00 49.586004 93.198006
05/23 12:23:43 PM valid_acc 49.568000
05/23 12:23:43 PM epoch 3 lr 9.911436e-02
05/23 12:23:43 PM alphas normal :
tensor([[0.0721, 0.0721, 0.0720, 0.1961, 0.1959, 0.1961, 0.1957],
        [0.1962, 0.0719, 0.0720, 0.1960, 0.1957, 0.1963, 0.0719],
        [0.1959, 0.0721, 0.0723, 0.1963, 0.0720, 0.1958, 0.1957],
        [0.0720, 0.0719, 0.0722, 0.1964, 0.1959, 0.1961, 0.1956],
        [0.0720, 0.0719, 0.1960, 0.0720, 0.1961, 0.1959, 0.1961],
        [0.0722, 0.0721, 0.0722, 0.1962, 0.1956, 0.1959, 0.1957],
        [0.0722, 0.0721, 0.0719, 0.1956, 0.1964, 0.1960, 0.1958],
        [0.0720, 0.0720, 0.0722, 0.1958, 0.1959, 0.1960, 0.1961],
        [0.1957, 0.0720, 0.1961, 0.0721, 0.1957, 0.1964, 0.0720],
        [0.0721, 0.0720, 0.0721, 0.1960, 0.1960, 0.1956, 0.1961],
        [0.1961, 0.0721, 0.0722, 0.1962, 0.1958, 0.0719, 0.1958],
        [0.1961, 0.0723, 0.1956, 0.1962, 0.0720, 0.0720, 0.1959],
        [0.1963, 0.0720, 0.0721, 0.1956, 0.0721, 0.1961, 0.1959],
        [0.0720, 0.0719, 0.0720, 0.1957, 0.1963, 0.1960, 0.1961]])
05/23 12:23:43 PM alphas reduce :
tensor([[0.0721, 0.0720, 0.1960, 0.1956, 0.1961, 0.0723, 0.1959],
        [0.0720, 0.1962, 0.1962, 0.1954, 0.1960, 0.0721, 0.0722],
        [0.0720, 0.1958, 0.0722, 0.1962, 0.1960, 0.1959, 0.0721],
        [0.0720, 0.1956, 0.0720, 0.1962, 0.1961, 0.1961, 0.0720],
        [0.0721, 0.1959, 0.0719, 0.1958, 0.1962, 0.0721, 0.1960],
        [0.0720, 0.1962, 0.0720, 0.1959, 0.1955, 0.0722, 0.1963],
        [0.0720, 0.1960, 0.0720, 0.1959, 0.1961, 0.1958, 0.0722],
        [0.0721, 0.1957, 0.0720, 0.1959, 0.1960, 0.0723, 0.1960],
        [0.0721, 0.1956, 0.1959, 0.0722, 0.1962, 0.1959, 0.0721],
        [0.0720, 0.1963, 0.0720, 0.1961, 0.1959, 0.0720, 0.1956],
        [0.1959, 0.1959, 0.0720, 0.1958, 0.1962, 0.0721, 0.0721],
        [0.0722, 0.1958, 0.0721, 0.1957, 0.1959, 0.0722, 0.1961],
        [0.0720, 0.1958, 0.0720, 0.1957, 0.1962, 0.1963, 0.0719],
        [0.0720, 0.1961, 0.0721, 0.1956, 0.1959, 0.0723, 0.1960]])
05/23 12:23:43 PM genotype = Genotype(normal=[('dil_conv_3x3', 1), ('sep_conv_3x3', 0), ('sep_conv_3x3', 1), ('sep_conv_3x3', 0), ('dil_conv_3x3', 3), ('sep_conv_5x5', 1), ('avg_pool_3x3', 3), ('sep_conv_5x5', 4)], normal_concat=range(2, 6), reduce=[('max_pool_3x3', 1), ('sep_conv_5x5', 0), ('sep_conv_3x3', 1), ('sep_conv_5x5', 2), ('dil_conv_5x5', 0), ('sep_conv_5x5', 3), ('max_pool_3x3', 0), ('dil_conv_3x3', 3)], reduce_concat=range(2, 6))
05/23 12:25:28 PM loss = 50.000000
05/23 12:25:28 PM alphas normal :
tensor([[0.0720, 0.0721, 0.0719, 0.1961, 0.1958, 0.1960, 0.1960],
        [0.1963, 0.0719, 0.0719, 0.1959, 0.1957, 0.1964, 0.0719],
        [0.1958, 0.0720, 0.0723, 0.1964, 0.0721, 0.1958, 0.1955],
        [0.0719, 0.0719, 0.0721, 0.1968, 0.1958, 0.1959, 0.1956],
        [0.0721, 0.0719, 0.1959, 0.0719, 0.1959, 0.1962, 0.1961],
        [0.0722, 0.0721, 0.0722, 0.1961, 0.1956, 0.1960, 0.1959],
        [0.0722, 0.0721, 0.0720, 0.1956, 0.1966, 0.1959, 0.1957],
        [0.0719, 0.0720, 0.0722, 0.1957, 0.1959, 0.1962, 0.1961],
        [0.1955, 0.0719, 0.1960, 0.0720, 0.1960, 0.1966, 0.0720],
        [0.0720, 0.0720, 0.0721, 0.1962, 0.1959, 0.1958, 0.1961],
        [0.1959, 0.0720, 0.0722, 0.1961, 0.1959, 0.0720, 0.1959],
        [0.1961, 0.0723, 0.1955, 0.1964, 0.0719, 0.0720, 0.1958],
        [0.1962, 0.0719, 0.0721, 0.1955, 0.0721, 0.1962, 0.1960],
        [0.0722, 0.0719, 0.0720, 0.1957, 0.1964, 0.1959, 0.1960]])
05/23 12:25:28 PM alphas reduce :
tensor([[0.0721, 0.0721, 0.1960, 0.1956, 0.1959, 0.0723, 0.1960],
        [0.0719, 0.1963, 0.1962, 0.1953, 0.1960, 0.0721, 0.0721],
        [0.0719, 0.1962, 0.0722, 0.1961, 0.1958, 0.1958, 0.0721],
        [0.0721, 0.1956, 0.0720, 0.1963, 0.1961, 0.1959, 0.0721],
        [0.0721, 0.1961, 0.0719, 0.1957, 0.1964, 0.0721, 0.1959],
        [0.0721, 0.1960, 0.0720, 0.1960, 0.1954, 0.0722, 0.1963],
        [0.0722, 0.1960, 0.0720, 0.1959, 0.1960, 0.1957, 0.0722],
        [0.0722, 0.1955, 0.0721, 0.1961, 0.1960, 0.0722, 0.1959],
        [0.0722, 0.1955, 0.1959, 0.0722, 0.1962, 0.1959, 0.0721],
        [0.0720, 0.1967, 0.0719, 0.1961, 0.1958, 0.0720, 0.1956],
        [0.1961, 0.1960, 0.0720, 0.1957, 0.1961, 0.0720, 0.0720],
        [0.0722, 0.1958, 0.0721, 0.1957, 0.1960, 0.0723, 0.1960],
        [0.0720, 0.1958, 0.0720, 0.1960, 0.1962, 0.1963, 0.0718],
        [0.0719, 0.1961, 0.0721, 0.1957, 0.1958, 0.0723, 0.1961]])
05/23 12:25:28 PM genotype = Genotype(normal=[('dil_conv_3x3', 1), ('sep_conv_3x3', 0), ('sep_conv_3x3', 1), ('sep_conv_3x3', 0), ('dil_conv_3x3', 3), ('sep_conv_5x5', 1), ('sep_conv_3x3', 2), ('sep_conv_5x5', 4)], normal_concat=range(2, 6), reduce=[('max_pool_3x3', 1), ('dil_conv_5x5', 0), ('sep_conv_5x5', 2), ('sep_conv_3x3', 1), ('dil_conv_5x5', 0), ('sep_conv_5x5', 3), ('max_pool_3x3', 0), ('dil_conv_3x3', 3)], reduce_concat=range(2, 6))
05/23 12:25:29 PM train 000 1.151562e+00 54.687500 95.312500
05/23 12:26:10 PM train 050 1.180139e+00 57.199755 95.404412
05/23 12:26:52 PM train 100 1.191482e+00 57.069926 95.250619
05/23 12:27:33 PM train 150 1.194060e+00 57.005381 95.167632
05/23 12:28:16 PM train 200 1.181423e+00 57.501555 95.234764
05/23 12:28:59 PM train 250 1.168031e+00 58.073954 95.293825
05/23 12:29:42 PM train 300 1.159685e+00 58.471761 95.343646
05/23 12:30:24 PM train 350 1.154807e+00 58.555912 95.419338
05/23 12:30:58 PM train_acc 58.752000
05/23 12:30:59 PM valid 000 8.681135e-01 68.750000 100.000000
05/23 12:31:18 PM valid 050 1.214900e+00 57.199755 94.944853
05/23 12:31:37 PM valid 100 1.199893e+00 58.137376 94.755569
05/23 12:31:56 PM valid 150 1.208466e+00 57.771109 94.733030
05/23 12:32:16 PM valid 200 1.212245e+00 57.524876 94.636194
05/23 12:32:35 PM valid 250 1.224548e+00 57.320717 94.540588
05/23 12:32:54 PM valid 300 1.224473e+00 57.283015 94.523463
05/23 12:33:13 PM valid 350 1.223558e+00 57.144765 94.555734
05/23 12:33:29 PM valid_acc 56.948000
05/23 12:33:29 PM epoch 4 lr 9.842916e-02
05/23 12:33:29 PM alphas normal :
tensor([[0.0720, 0.0721, 0.0719, 0.1961, 0.1958, 0.1960, 0.1960],
        [0.1963, 0.0719, 0.0719, 0.1959, 0.1957, 0.1964, 0.0719],
        [0.1958, 0.0720, 0.0723, 0.1964, 0.0721, 0.1958, 0.1955],
        [0.0719, 0.0719, 0.0721, 0.1968, 0.1958, 0.1959, 0.1956],
        [0.0721, 0.0719, 0.1959, 0.0719, 0.1959, 0.1962, 0.1961],
        [0.0722, 0.0721, 0.0722, 0.1961, 0.1956, 0.1960, 0.1959],
        [0.0722, 0.0721, 0.0720, 0.1956, 0.1966, 0.1959, 0.1957],
        [0.0719, 0.0720, 0.0722, 0.1957, 0.1959, 0.1962, 0.1961],
        [0.1955, 0.0719, 0.1960, 0.0720, 0.1960, 0.1966, 0.0720],
        [0.0720, 0.0720, 0.0721, 0.1962, 0.1959, 0.1958, 0.1961],
        [0.1959, 0.0720, 0.0722, 0.1961, 0.1959, 0.0720, 0.1959],
        [0.1961, 0.0723, 0.1955, 0.1964, 0.0719, 0.0720, 0.1958],
        [0.1962, 0.0719, 0.0721, 0.1955, 0.0721, 0.1962, 0.1960],
        [0.0722, 0.0719, 0.0720, 0.1957, 0.1964, 0.1959, 0.1960]])
05/23 12:33:29 PM alphas reduce :
tensor([[0.0721, 0.0721, 0.1960, 0.1956, 0.1959, 0.0723, 0.1960],
        [0.0719, 0.1963, 0.1962, 0.1953, 0.1960, 0.0721, 0.0721],
        [0.0719, 0.1962, 0.0722, 0.1961, 0.1958, 0.1958, 0.0721],
        [0.0721, 0.1956, 0.0720, 0.1963, 0.1961, 0.1959, 0.0721],
        [0.0721, 0.1961, 0.0719, 0.1957, 0.1964, 0.0721, 0.1959],
        [0.0721, 0.1960, 0.0720, 0.1960, 0.1954, 0.0722, 0.1963],
        [0.0722, 0.1960, 0.0720, 0.1959, 0.1960, 0.1957, 0.0722],
        [0.0722, 0.1955, 0.0721, 0.1961, 0.1960, 0.0722, 0.1959],
        [0.0722, 0.1955, 0.1959, 0.0722, 0.1962, 0.1959, 0.0721],
        [0.0720, 0.1967, 0.0719, 0.1961, 0.1958, 0.0720, 0.1956],
        [0.1961, 0.1960, 0.0720, 0.1957, 0.1961, 0.0720, 0.0720],
        [0.0722, 0.1958, 0.0721, 0.1957, 0.1960, 0.0723, 0.1960],
        [0.0720, 0.1958, 0.0720, 0.1960, 0.1962, 0.1963, 0.0718],
        [0.0719, 0.1961, 0.0721, 0.1957, 0.1958, 0.0723, 0.1961]])
05/23 12:33:29 PM genotype = Genotype(normal=[('dil_conv_3x3', 1), ('sep_conv_3x3', 0), ('sep_conv_3x3', 1), ('sep_conv_3x3', 0), ('dil_conv_3x3', 3), ('sep_conv_5x5', 1), ('sep_conv_3x3', 2), ('sep_conv_5x5', 4)], normal_concat=range(2, 6), reduce=[('max_pool_3x3', 1), ('dil_conv_5x5', 0), ('sep_conv_5x5', 2), ('sep_conv_3x3', 1), ('dil_conv_5x5', 0), ('sep_conv_5x5', 3), ('max_pool_3x3', 0), ('dil_conv_3x3', 3)], reduce_concat=range(2, 6))
05/23 12:35:13 PM loss = 43.750000
05/23 12:35:13 PM alphas normal :
tensor([[0.0720, 0.0720, 0.0718, 0.1962, 0.1956, 0.1959, 0.1964],
        [0.1965, 0.0718, 0.0719, 0.1958, 0.1957, 0.1966, 0.0718],
        [0.1956, 0.0720, 0.0722, 0.1966, 0.0722, 0.1959, 0.1954],
        [0.0719, 0.0719, 0.0720, 0.1973, 0.1957, 0.1957, 0.1955],
        [0.0721, 0.0718, 0.1958, 0.0719, 0.1957, 0.1965, 0.1962],
        [0.0721, 0.0720, 0.0723, 0.1960, 0.1956, 0.1960, 0.1961],
        [0.0722, 0.0720, 0.0721, 0.1956, 0.1968, 0.1957, 0.1956],
        [0.0718, 0.0720, 0.0721, 0.1956, 0.1960, 0.1963, 0.1962],
        [0.1953, 0.0719, 0.1958, 0.0720, 0.1962, 0.1967, 0.0720],
        [0.0719, 0.0719, 0.0720, 0.1964, 0.1958, 0.1959, 0.1960],
        [0.1958, 0.0720, 0.0723, 0.1961, 0.1960, 0.0720, 0.1960],
        [0.1960, 0.0723, 0.1954, 0.1966, 0.0719, 0.0720, 0.1957],
        [0.1960, 0.0719, 0.0722, 0.1955, 0.0720, 0.1963, 0.1961],
        [0.0723, 0.0720, 0.0720, 0.1957, 0.1964, 0.1958, 0.1958]])
05/23 12:35:13 PM alphas reduce :
tensor([[0.0721, 0.0721, 0.1960, 0.1956, 0.1958, 0.0723, 0.1962],
        [0.0719, 0.1965, 0.1962, 0.1951, 0.1961, 0.0722, 0.0720],
        [0.0718, 0.1966, 0.0722, 0.1960, 0.1957, 0.1957, 0.0720],
        [0.0722, 0.1955, 0.0719, 0.1963, 0.1962, 0.1958, 0.0722],
        [0.0721, 0.1962, 0.0718, 0.1956, 0.1966, 0.0720, 0.1958],
        [0.0721, 0.1959, 0.0721, 0.1960, 0.1952, 0.0722, 0.1964],
        [0.0723, 0.1960, 0.0720, 0.1960, 0.1960, 0.1955, 0.0723],
        [0.0723, 0.1954, 0.0721, 0.1962, 0.1960, 0.0722, 0.1958],
        [0.0724, 0.1953, 0.1960, 0.0721, 0.1963, 0.1959, 0.0720],
        [0.0719, 0.1970, 0.0719, 0.1960, 0.1957, 0.0719, 0.1956],
        [0.1964, 0.1961, 0.0720, 0.1956, 0.1961, 0.0719, 0.0720],
        [0.0722, 0.1959, 0.0720, 0.1957, 0.1961, 0.0724, 0.1959],
        [0.0719, 0.1957, 0.0719, 0.1963, 0.1962, 0.1963, 0.0718],
        [0.0719, 0.1961, 0.0720, 0.1958, 0.1956, 0.0723, 0.1962]])
05/23 12:35:13 PM genotype = Genotype(normal=[('dil_conv_3x3', 1), ('dil_conv_5x5', 0), ('sep_conv_3x3', 1), ('sep_conv_3x3', 0), ('sep_conv_5x5', 1), ('dil_conv_3x3', 3), ('sep_conv_3x3', 2), ('sep_conv_3x3', 0)], normal_concat=range(2, 6), reduce=[('max_pool_3x3', 1), ('dil_conv_5x5', 0), ('max_pool_3x3', 0), ('sep_conv_5x5', 2), ('dil_conv_5x5', 0), ('sep_conv_5x5', 3), ('max_pool_3x3', 0), ('avg_pool_3x3', 1)], reduce_concat=range(2, 6))
05/23 12:35:14 PM train 000 1.203626e+00 53.125000 100.000000
05/23 12:35:56 PM train 050 1.070620e+00 62.040441 96.415441
05/23 12:36:38 PM train 100 1.087975e+00 61.664604 96.101485
05/23 12:37:21 PM train 150 1.096554e+00 61.413493 96.047185
05/23 12:38:04 PM train 200 1.080972e+00 61.714863 96.097637
05/23 12:38:48 PM train 250 1.078167e+00 61.647161 96.152888
05/23 12:39:31 PM train 300 1.073611e+00 61.700581 96.231312
05/23 12:40:15 PM train 350 1.069435e+00 61.867877 96.247329
05/23 12:40:50 PM train_acc 61.856000
05/23 12:40:50 PM valid 000 1.624025e+00 48.437500 90.625000
05/23 12:41:09 PM valid 050 1.270465e+00 55.545343 94.454657
05/23 12:41:29 PM valid 100 1.269544e+00 55.816832 94.585396
05/23 12:41:48 PM valid 150 1.267582e+00 55.711921 94.712334
05/23 12:42:08 PM valid 200 1.263308e+00 55.682525 94.799440
05/23 12:42:27 PM valid 250 1.271722e+00 55.285110 94.721116
05/23 12:42:47 PM valid 300 1.279222e+00 55.367525 94.637666
05/23 12:43:05 PM valid 350 1.276294e+00 55.399751 94.658120
05/23 12:43:21 PM valid_acc 55.364000
05/23 12:43:21 PM epoch 5 lr 9.755283e-02
05/23 12:43:21 PM alphas normal :
tensor([[0.0720, 0.0720, 0.0718, 0.1962, 0.1956, 0.1959, 0.1964],
        [0.1965, 0.0718, 0.0719, 0.1958, 0.1957, 0.1966, 0.0718],
        [0.1956, 0.0720, 0.0722, 0.1966, 0.0722, 0.1959, 0.1954],
        [0.0719, 0.0719, 0.0720, 0.1973, 0.1957, 0.1957, 0.1955],
        [0.0721, 0.0718, 0.1958, 0.0719, 0.1957, 0.1965, 0.1962],
        [0.0721, 0.0720, 0.0723, 0.1960, 0.1956, 0.1960, 0.1961],
        [0.0722, 0.0720, 0.0721, 0.1956, 0.1968, 0.1957, 0.1956],
        [0.0718, 0.0720, 0.0721, 0.1956, 0.1960, 0.1963, 0.1962],
        [0.1953, 0.0719, 0.1958, 0.0720, 0.1962, 0.1967, 0.0720],
        [0.0719, 0.0719, 0.0720, 0.1964, 0.1958, 0.1959, 0.1960],
        [0.1958, 0.0720, 0.0723, 0.1961, 0.1960, 0.0720, 0.1960],
        [0.1960, 0.0723, 0.1954, 0.1966, 0.0719, 0.0720, 0.1957],
        [0.1960, 0.0719, 0.0722, 0.1955, 0.0720, 0.1963, 0.1961],
        [0.0723, 0.0720, 0.0720, 0.1957, 0.1964, 0.1958, 0.1958]])
05/23 12:43:21 PM alphas reduce :
tensor([[0.0721, 0.0721, 0.1960, 0.1956, 0.1958, 0.0723, 0.1962],
        [0.0719, 0.1965, 0.1962, 0.1951, 0.1961, 0.0722, 0.0720],
        [0.0718, 0.1966, 0.0722, 0.1960, 0.1957, 0.1957, 0.0720],
        [0.0722, 0.1955, 0.0719, 0.1963, 0.1962, 0.1958, 0.0722],
        [0.0721, 0.1962, 0.0718, 0.1956, 0.1966, 0.0720, 0.1958],
        [0.0721, 0.1959, 0.0721, 0.1960, 0.1952, 0.0722, 0.1964],
        [0.0723, 0.1960, 0.0720, 0.1960, 0.1960, 0.1955, 0.0723],
        [0.0723, 0.1954, 0.0721, 0.1962, 0.1960, 0.0722, 0.1958],
        [0.0724, 0.1953, 0.1960, 0.0721, 0.1963, 0.1959, 0.0720],
        [0.0719, 0.1970, 0.0719, 0.1960, 0.1957, 0.0719, 0.1956],
        [0.1964, 0.1961, 0.0720, 0.1956, 0.1961, 0.0719, 0.0720],
        [0.0722, 0.1959, 0.0720, 0.1957, 0.1961, 0.0724, 0.1959],
        [0.0719, 0.1957, 0.0719, 0.1963, 0.1962, 0.1963, 0.0718],
        [0.0719, 0.1961, 0.0720, 0.1958, 0.1956, 0.0723, 0.1962]])
05/23 12:43:21 PM genotype = Genotype(normal=[('dil_conv_3x3', 1), ('dil_conv_5x5', 0), ('sep_conv_3x3', 1), ('sep_conv_3x3', 0), ('sep_conv_5x5', 1), ('dil_conv_3x3', 3), ('sep_conv_3x3', 2), ('sep_conv_3x3', 0)], normal_concat=range(2, 6), reduce=[('max_pool_3x3', 1), ('dil_conv_5x5', 0), ('max_pool_3x3', 0), ('sep_conv_5x5', 2), ('dil_conv_5x5', 0), ('sep_conv_5x5', 3), ('max_pool_3x3', 0), ('avg_pool_3x3', 1)], reduce_concat=range(2, 6))
05/23 12:45:06 PM loss = 46.875000
05/23 12:45:06 PM alphas normal :
tensor([[0.0721, 0.0720, 0.0718, 0.1962, 0.1957, 0.1961, 0.1962],
        [0.1964, 0.0717, 0.0719, 0.1957, 0.1960, 0.1965, 0.0718],
        [0.1956, 0.0720, 0.0722, 0.1965, 0.0722, 0.1959, 0.1955],
        [0.0718, 0.0719, 0.0720, 0.1973, 0.1956, 0.1957, 0.1957],
        [0.0721, 0.0719, 0.1957, 0.0719, 0.1960, 0.1963, 0.1961],
        [0.0722, 0.0719, 0.0722, 0.1958, 0.1955, 0.1960, 0.1963],
        [0.0722, 0.0720, 0.0720, 0.1956, 0.1967, 0.1958, 0.1958],
        [0.0717, 0.0719, 0.0722, 0.1957, 0.1959, 0.1963, 0.1963],
        [0.1952, 0.0718, 0.1958, 0.0719, 0.1963, 0.1970, 0.0720],
        [0.0719, 0.0719, 0.0722, 0.1965, 0.1959, 0.1958, 0.1959],
        [0.1959, 0.0720, 0.0722, 0.1961, 0.1958, 0.0721, 0.1959],
        [0.1960, 0.0723, 0.1956, 0.1965, 0.0718, 0.0720, 0.1958],
        [0.1960, 0.0719, 0.0721, 0.1954, 0.0720, 0.1963, 0.1963],
        [0.0723, 0.0720, 0.0720, 0.1958, 0.1966, 0.1957, 0.1957]])
05/23 12:45:06 PM alphas reduce :
tensor([[0.0721, 0.0720, 0.1960, 0.1955, 0.1958, 0.0725, 0.1962],
        [0.0721, 0.1965, 0.1961, 0.1951, 0.1960, 0.0722, 0.0721],
        [0.0718, 0.1967, 0.0723, 0.1960, 0.1956, 0.1957, 0.0719],
        [0.0722, 0.1955, 0.0719, 0.1961, 0.1964, 0.1958, 0.0722],
        [0.0720, 0.1962, 0.0717, 0.1957, 0.1967, 0.0720, 0.1957],
        [0.0721, 0.1958, 0.0721, 0.1962, 0.1954, 0.0722, 0.1963],
        [0.0723, 0.1960, 0.0720, 0.1958, 0.1962, 0.1953, 0.0723],
        [0.0722, 0.1955, 0.0720, 0.1963, 0.1959, 0.0723, 0.1957],
        [0.0723, 0.1957, 0.1960, 0.0721, 0.1962, 0.1958, 0.0720],
        [0.0721, 0.1969, 0.0718, 0.1961, 0.1956, 0.0720, 0.1956],
        [0.1965, 0.1959, 0.0720, 0.1956, 0.1960, 0.0719, 0.0720],
        [0.0722, 0.1957, 0.0720, 0.1958, 0.1962, 0.0724, 0.1957],
        [0.0718, 0.1956, 0.0718, 0.1961, 0.1962, 0.1966, 0.0718],
        [0.0719, 0.1961, 0.0720, 0.1960, 0.1956, 0.0723, 0.1961]])
05/23 12:45:06 PM genotype = Genotype(normal=[('dil_conv_3x3', 1), ('dil_conv_5x5', 0), ('sep_conv_3x3', 1), ('sep_conv_3x3', 0), ('dil_conv_3x3', 3), ('sep_conv_5x5', 1), ('sep_conv_5x5', 4), ('sep_conv_3x3', 2)], normal_concat=range(2, 6), reduce=[('max_pool_3x3', 1), ('dil_conv_5x5', 0), ('sep_conv_5x5', 2), ('max_pool_3x3', 0), ('dil_conv_5x5', 0), ('sep_conv_3x3', 2), ('max_pool_3x3', 0), ('dil_conv_3x3', 3)], reduce_concat=range(2, 6))
05/23 12:45:07 PM train 000 9.910293e-01 65.625000 95.312500
05/23 12:45:50 PM train 050 1.034339e+00 62.316176 96.507353
05/23 12:46:32 PM train 100 1.040850e+00 62.824876 96.163366
05/23 12:47:15 PM train 150 1.022301e+00 63.317467 96.254139
05/23 12:47:58 PM train 200 1.019232e+00 63.572761 96.330846
05/23 12:48:41 PM train 250 1.010971e+00 64.031375 96.495269
05/23 12:49:25 PM train 300 1.008580e+00 64.098837 96.527201
05/23 12:50:08 PM train 350 1.007513e+00 64.173789 96.563390
05/23 12:50:42 PM train_acc 64.456000
05/23 12:50:42 PM valid 000 1.221002e+00 51.562500 93.750000
05/23 12:51:02 PM valid 050 1.179608e+00 59.129902 95.649510
05/23 12:51:21 PM valid 100 1.190380e+00 58.895421 95.745668
05/23 12:51:41 PM valid 150 1.175993e+00 59.312914 95.674669
05/23 12:52:00 PM valid 200 1.185742e+00 59.172886 95.522388
05/23 12:52:19 PM valid 250 1.184987e+00 59.275398 95.455677
05/23 12:52:39 PM valid 300 1.183360e+00 59.359427 95.463040
05/23 12:52:58 PM valid 350 1.186694e+00 59.397258 95.459402
05/23 12:53:13 PM valid_acc 59.508000
05/23 12:53:13 PM epoch 6 lr 9.648882e-02
05/23 12:53:13 PM alphas normal :
tensor([[0.0721, 0.0720, 0.0718, 0.1962, 0.1957, 0.1961, 0.1962],
        [0.1964, 0.0717, 0.0719, 0.1957, 0.1960, 0.1965, 0.0718],
        [0.1956, 0.0720, 0.0722, 0.1965, 0.0722, 0.1959, 0.1955],
        [0.0718, 0.0719, 0.0720, 0.1973, 0.1956, 0.1957, 0.1957],
        [0.0721, 0.0719, 0.1957, 0.0719, 0.1960, 0.1963, 0.1961],
        [0.0722, 0.0719, 0.0722, 0.1958, 0.1955, 0.1960, 0.1963],
        [0.0722, 0.0720, 0.0720, 0.1956, 0.1967, 0.1958, 0.1958],
        [0.0717, 0.0719, 0.0722, 0.1957, 0.1959, 0.1963, 0.1963],
        [0.1952, 0.0718, 0.1958, 0.0719, 0.1963, 0.1970, 0.0720],
        [0.0719, 0.0719, 0.0722, 0.1965, 0.1959, 0.1958, 0.1959],
        [0.1959, 0.0720, 0.0722, 0.1961, 0.1958, 0.0721, 0.1959],
        [0.1960, 0.0723, 0.1956, 0.1965, 0.0718, 0.0720, 0.1958],
        [0.1960, 0.0719, 0.0721, 0.1954, 0.0720, 0.1963, 0.1963],
        [0.0723, 0.0720, 0.0720, 0.1958, 0.1966, 0.1957, 0.1957]])
05/23 12:53:13 PM alphas reduce :
tensor([[0.0721, 0.0720, 0.1960, 0.1955, 0.1958, 0.0725, 0.1962],
        [0.0721, 0.1965, 0.1961, 0.1951, 0.1960, 0.0722, 0.0721],
        [0.0718, 0.1967, 0.0723, 0.1960, 0.1956, 0.1957, 0.0719],
        [0.0722, 0.1955, 0.0719, 0.1961, 0.1964, 0.1958, 0.0722],
        [0.0720, 0.1962, 0.0717, 0.1957, 0.1967, 0.0720, 0.1957],
        [0.0721, 0.1958, 0.0721, 0.1962, 0.1954, 0.0722, 0.1963],
        [0.0723, 0.1960, 0.0720, 0.1958, 0.1962, 0.1953, 0.0723],
        [0.0722, 0.1955, 0.0720, 0.1963, 0.1959, 0.0723, 0.1957],
        [0.0723, 0.1957, 0.1960, 0.0721, 0.1962, 0.1958, 0.0720],
        [0.0721, 0.1969, 0.0718, 0.1961, 0.1956, 0.0720, 0.1956],
        [0.1965, 0.1959, 0.0720, 0.1956, 0.1960, 0.0719, 0.0720],
        [0.0722, 0.1957, 0.0720, 0.1958, 0.1962, 0.0724, 0.1957],
        [0.0718, 0.1956, 0.0718, 0.1961, 0.1962, 0.1966, 0.0718],
        [0.0719, 0.1961, 0.0720, 0.1960, 0.1956, 0.0723, 0.1961]])
05/23 12:53:13 PM genotype = Genotype(normal=[('dil_conv_3x3', 1), ('dil_conv_5x5', 0), ('sep_conv_3x3', 1), ('sep_conv_3x3', 0), ('dil_conv_3x3', 3), ('sep_conv_5x5', 1), ('sep_conv_5x5', 4), ('sep_conv_3x3', 2)], normal_concat=range(2, 6), reduce=[('max_pool_3x3', 1), ('dil_conv_5x5', 0), ('sep_conv_5x5', 2), ('max_pool_3x3', 0), ('dil_conv_5x5', 0), ('sep_conv_3x3', 2), ('max_pool_3x3', 0), ('dil_conv_3x3', 3)], reduce_concat=range(2, 6))
05/23 12:54:57 PM loss = 34.375000
05/23 12:54:57 PM alphas normal :
tensor([[0.0720, 0.0719, 0.0717, 0.1963, 0.1959, 0.1961, 0.1960],
        [0.1964, 0.0717, 0.0718, 0.1955, 0.1961, 0.1966, 0.0718],
        [0.1956, 0.0720, 0.0722, 0.1965, 0.0723, 0.1959, 0.1955],
        [0.0718, 0.0719, 0.0720, 0.1972, 0.1959, 0.1958, 0.1955],
        [0.0720, 0.0718, 0.1960, 0.0719, 0.1960, 0.1962, 0.1961],
        [0.0722, 0.0719, 0.0723, 0.1960, 0.1954, 0.1959, 0.1964],
        [0.0722, 0.0719, 0.0720, 0.1956, 0.1966, 0.1960, 0.1957],
        [0.0718, 0.0719, 0.0722, 0.1956, 0.1957, 0.1966, 0.1962],
        [0.1956, 0.0717, 0.1959, 0.0718, 0.1962, 0.1968, 0.0720],
        [0.0719, 0.0719, 0.0721, 0.1963, 0.1960, 0.1956, 0.1962],
        [0.1957, 0.0720, 0.0721, 0.1965, 0.1958, 0.0720, 0.1958],
        [0.1962, 0.0723, 0.1954, 0.1964, 0.0718, 0.0719, 0.1960],
        [0.1961, 0.0719, 0.0721, 0.1952, 0.0719, 0.1964, 0.1964],
        [0.0723, 0.0720, 0.0720, 0.1956, 0.1967, 0.1955, 0.1958]])
05/23 12:54:57 PM alphas reduce :
tensor([[0.0722, 0.0720, 0.1960, 0.1955, 0.1956, 0.0725, 0.1962],
        [0.0721, 0.1963, 0.1960, 0.1952, 0.1961, 0.0723, 0.0720],
        [0.0718, 0.1966, 0.0722, 0.1961, 0.1957, 0.1957, 0.0719],
