05/24 12:59:54 PM gpu device = 0
05/24 12:59:54 PM args = Namespace(data='../data', set='cifar10', batch_size=64, learning_rate=0.1, learning_rate_min=0.0, momentum=0.9, weight_decay=0.0003, report_freq=50, gpu=0, epochs=50, init_channels=16, layers=8, model_path='saved_models', cutout=False, cutout_length=16, drop_path_prob=0.3, save='../search-EXP-20250524-125951', seed=2, iterations=3, grad_clip=5, celltype='normal', resume='', train_portion=0.5, unrolled=False, arch_learning_rate=0.0006, arch_weight_decay=0.001, pop_momentum=0, step_size=0.1, samples=3, mon=0.4)
05/24 12:59:56 PM param size = 0.299774MB
05/24 12:59:57 PM epoch 0 lr 1.000000e-01
05/24 12:59:57 PM alphas normal :
tensor([[0.1430, 0.1428, 0.1430, 0.1429, 0.1428, 0.1429, 0.1427],
        [0.1429, 0.1429, 0.1429, 0.1427, 0.1429, 0.1429, 0.1428],
        [0.1429, 0.1431, 0.1427, 0.1430, 0.1428, 0.1428, 0.1428],
        [0.1428, 0.1425, 0.1427, 0.1429, 0.1429, 0.1432, 0.1430],
        [0.1429, 0.1427, 0.1430, 0.1429, 0.1427, 0.1430, 0.1428],
        [0.1428, 0.1430, 0.1429, 0.1430, 0.1428, 0.1426, 0.1430],
        [0.1430, 0.1427, 0.1428, 0.1428, 0.1429, 0.1428, 0.1430],
        [0.1428, 0.1429, 0.1429, 0.1429, 0.1430, 0.1428, 0.1427],
        [0.1426, 0.1429, 0.1432, 0.1428, 0.1429, 0.1428, 0.1428],
        [0.1427, 0.1428, 0.1429, 0.1429, 0.1430, 0.1428, 0.1429],
        [0.1425, 0.1430, 0.1431, 0.1430, 0.1428, 0.1428, 0.1427],
        [0.1431, 0.1428, 0.1427, 0.1428, 0.1427, 0.1431, 0.1427],
        [0.1429, 0.1427, 0.1429, 0.1430, 0.1428, 0.1427, 0.1431],
        [0.1427, 0.1433, 0.1429, 0.1426, 0.1428, 0.1428, 0.1428]])
05/24 12:59:57 PM alphas reduce :
tensor([[0.1431, 0.1427, 0.1429, 0.1427, 0.1430, 0.1427, 0.1429],
        [0.1427, 0.1429, 0.1428, 0.1429, 0.1427, 0.1432, 0.1428],
        [0.1428, 0.1430, 0.1429, 0.1429, 0.1428, 0.1429, 0.1429],
        [0.1428, 0.1427, 0.1428, 0.1431, 0.1429, 0.1429, 0.1429],
        [0.1427, 0.1430, 0.1427, 0.1430, 0.1430, 0.1427, 0.1428],
        [0.1428, 0.1427, 0.1430, 0.1429, 0.1428, 0.1430, 0.1428],
        [0.1431, 0.1429, 0.1429, 0.1426, 0.1429, 0.1426, 0.1430],
        [0.1427, 0.1430, 0.1427, 0.1426, 0.1429, 0.1432, 0.1429],
        [0.1431, 0.1429, 0.1430, 0.1427, 0.1429, 0.1428, 0.1427],
        [0.1429, 0.1427, 0.1429, 0.1426, 0.1429, 0.1429, 0.1430],
        [0.1429, 0.1426, 0.1429, 0.1430, 0.1431, 0.1429, 0.1427],
        [0.1426, 0.1430, 0.1431, 0.1427, 0.1429, 0.1428, 0.1429],
        [0.1428, 0.1429, 0.1429, 0.1428, 0.1431, 0.1429, 0.1427],
        [0.1429, 0.1427, 0.1429, 0.1430, 0.1428, 0.1430, 0.1427]])
05/24 12:59:57 PM genotype = Genotype(normal=[('skip_connect', 0), ('max_pool_3x3', 1), ('dil_conv_3x3', 1), ('max_pool_3x3', 0), ('skip_connect', 3), ('dil_conv_5x5', 0), ('max_pool_3x3', 4), ('dil_conv_3x3', 2)], normal_concat=range(2, 6), reduce=[('dil_conv_3x3', 1), ('avg_pool_3x3', 0), ('sep_conv_3x3', 1), ('max_pool_3x3', 2), ('dil_conv_3x3', 2), ('avg_pool_3x3', 3), ('sep_conv_5x5', 1), ('sep_conv_5x5', 3)], reduce_concat=range(2, 6))
05/24 01:00:58 PM train_darts 000 2.506067e+00 9.375000 56.250000
05/24 01:04:09 PM train_darts 050 2.230152e+00 21.170343 73.161765
05/24 01:07:19 PM train_darts 100 2.092887e+00 23.715965 77.862005
05/24 01:10:34 PM train_darts 150 2.037603e+00 25.103477 79.677152
05/24 01:13:45 PM train_darts 200 1.975719e+00 26.593595 81.459888
05/24 01:16:58 PM train_darts 250 1.934360e+00 28.031624 82.526145
05/24 01:20:10 PM train_darts 300 1.895766e+00 29.199543 83.591154
05/24 01:23:21 PM train_darts 350 1.858413e+00 30.653490 84.339387
05/24 01:25:55 PM train_acc 31.816000 (gradient descent phase)
05/24 01:25:56 PM valid 000 1.706936e+00 39.062500 89.062500
05/24 01:26:15 PM valid 050 1.617257e+00 40.931373 89.491422
05/24 01:26:34 PM valid 100 1.611325e+00 40.362005 90.207302
05/24 01:26:53 PM valid 150 1.618448e+00 40.076573 89.807533
05/24 01:27:12 PM valid 200 1.624716e+00 39.855410 89.909826
05/24 01:27:31 PM valid 250 1.616319e+00 40.139442 90.120767
05/24 01:27:49 PM valid 300 1.617403e+00 40.142234 90.090324
05/24 01:28:08 PM valid 350 1.618396e+00 40.050748 90.108618
05/24 01:28:23 PM valid_acc 40.116000
05/24 01:28:23 PM valid_accuracies: [40.116]
05/24 01:28:23 PM epoch 1 lr 9.990134e-02
05/24 01:28:23 PM alphas normal :
tensor([[0.1428, 0.1179, 0.1432, 0.1512, 0.1451, 0.1468, 0.1531],
        [0.1514, 0.1205, 0.1470, 0.1449, 0.1467, 0.1429, 0.1465],
        [0.1441, 0.1186, 0.1441, 0.1474, 0.1478, 0.1491, 0.1488],
        [0.1502, 0.1188, 0.1461, 0.1430, 0.1456, 0.1474, 0.1488],
        [0.1441, 0.1231, 0.1430, 0.1484, 0.1451, 0.1498, 0.1464],
        [0.1429, 0.1228, 0.1445, 0.1484, 0.1488, 0.1457, 0.1469],
        [0.1513, 0.1229, 0.1472, 0.1412, 0.1404, 0.1483, 0.1487],
        [0.1410, 0.1227, 0.1382, 0.1515, 0.1502, 0.1511, 0.1454],
        [0.1396, 0.1260, 0.1362, 0.1457, 0.1512, 0.1460, 0.1553],
        [0.1450, 0.1229, 0.1452, 0.1455, 0.1460, 0.1460, 0.1494],
        [0.1480, 0.1228, 0.1433, 0.1489, 0.1462, 0.1459, 0.1448],
        [0.1420, 0.1256, 0.1413, 0.1443, 0.1471, 0.1500, 0.1498],
        [0.1388, 0.1278, 0.1363, 0.1499, 0.1480, 0.1481, 0.1510],
        [0.1348, 0.1280, 0.1331, 0.1530, 0.1513, 0.1478, 0.1520]])
05/24 01:28:23 PM alphas reduce :
tensor([[0.1356, 0.1406, 0.1402, 0.1423, 0.1547, 0.1432, 0.1433],
        [0.1458, 0.1457, 0.1413, 0.1423, 0.1416, 0.1413, 0.1420],
        [0.1368, 0.1410, 0.1425, 0.1444, 0.1487, 0.1451, 0.1415],
        [0.1445, 0.1446, 0.1440, 0.1426, 0.1399, 0.1438, 0.1406],
        [0.1430, 0.1419, 0.1434, 0.1396, 0.1411, 0.1459, 0.1451],
        [0.1389, 0.1410, 0.1418, 0.1425, 0.1459, 0.1447, 0.1452],
        [0.1435, 0.1440, 0.1433, 0.1460, 0.1427, 0.1402, 0.1404],
        [0.1424, 0.1422, 0.1421, 0.1435, 0.1432, 0.1447, 0.1418],
        [0.1418, 0.1397, 0.1418, 0.1445, 0.1441, 0.1425, 0.1456],
        [0.1403, 0.1421, 0.1416, 0.1405, 0.1462, 0.1442, 0.1451],
        [0.1400, 0.1410, 0.1407, 0.1447, 0.1460, 0.1439, 0.1437],
        [0.1405, 0.1439, 0.1412, 0.1427, 0.1441, 0.1448, 0.1427],
        [0.1409, 0.1421, 0.1410, 0.1438, 0.1436, 0.1444, 0.1442],
        [0.1417, 0.1420, 0.1413, 0.1442, 0.1436, 0.1439, 0.1434]])
05/24 01:28:23 PM genotype = Genotype(normal=[('dil_conv_5x5', 0), ('avg_pool_3x3', 1), ('avg_pool_3x3', 1), ('dil_conv_3x3', 2), ('dil_conv_5x5', 3), ('sep_conv_3x3', 2), ('sep_conv_3x3', 4), ('dil_conv_5x5', 3)], normal_concat=range(2, 6), reduce=[('sep_conv_5x5', 0), ('avg_pool_3x3', 1), ('sep_conv_5x5', 0), ('dil_conv_3x3', 2), ('sep_conv_3x3', 1), ('sep_conv_5x5', 0), ('sep_conv_5x5', 0), ('sep_conv_5x5', 1)], reduce_concat=range(2, 6))
05/24 01:29:22 PM train_darts 000 1.493107e+00 43.750000 93.750000
05/24 01:32:30 PM train_darts 050 1.531589e+00 43.658088 91.360294
05/24 01:35:41 PM train_darts 100 1.526596e+00 43.688119 91.027228
05/24 01:38:53 PM train_darts 150 1.519280e+00 43.884520 91.111341
05/24 01:42:06 PM train_darts 200 1.508942e+00 44.488495 91.285759
05/24 01:45:19 PM train_darts 250 1.494996e+00 44.714890 91.571215
05/24 01:48:33 PM train_darts 300 1.485275e+00 45.198297 91.803364
05/24 01:51:46 PM train_darts 350 1.473392e+00 45.383725 92.080662
05/24 01:54:22 PM train_acc 45.732000 (gradient descent phase)
05/24 01:54:23 PM valid 000 1.168173e+00 59.375000 96.875000
05/24 01:54:42 PM valid 050 1.409567e+00 47.794118 92.984069
05/24 01:55:01 PM valid 100 1.423532e+00 48.066213 92.357673
05/24 01:55:20 PM valid 150 1.421595e+00 48.261589 92.311672
05/24 01:55:39 PM valid 200 1.412281e+00 48.491915 92.381841
05/24 01:55:58 PM valid 250 1.413611e+00 48.568227 92.336902
05/24 01:56:17 PM valid 300 1.412249e+00 48.681478 92.374377
05/24 01:56:36 PM valid 350 1.416013e+00 48.758013 92.325499
05/24 01:56:51 PM valid_acc 48.536000
05/24 01:56:51 PM valid_accuracies: [40.116, 48.536]
05/24 01:56:51 PM epoch 2 lr 9.960574e-02
05/24 01:56:51 PM alphas normal :
tensor([[0.1435, 0.1039, 0.1452, 0.1561, 0.1471, 0.1475, 0.1567],
        [0.1559, 0.1076, 0.1496, 0.1447, 0.1474, 0.1427, 0.1520],
        [0.1451, 0.1047, 0.1455, 0.1520, 0.1523, 0.1495, 0.1508],
        [0.1540, 0.1053, 0.1478, 0.1454, 0.1471, 0.1491, 0.1514],
        [0.1446, 0.1101, 0.1428, 0.1514, 0.1472, 0.1559, 0.1480],
        [0.1437, 0.1134, 0.1460, 0.1511, 0.1497, 0.1470, 0.1491],
        [0.1519, 0.1128, 0.1454, 0.1488, 0.1422, 0.1517, 0.1472],
        [0.1403, 0.1121, 0.1360, 0.1546, 0.1544, 0.1536, 0.1490],
        [0.1371, 0.1176, 0.1329, 0.1497, 0.1583, 0.1471, 0.1572],
        [0.1477, 0.1134, 0.1484, 0.1485, 0.1474, 0.1456, 0.1490],
        [0.1554, 0.1125, 0.1470, 0.1478, 0.1475, 0.1439, 0.1459],
        [0.1430, 0.1160, 0.1429, 0.1417, 0.1449, 0.1558, 0.1557],
        [0.1371, 0.1193, 0.1352, 0.1529, 0.1458, 0.1551, 0.1545],
        [0.1289, 0.1185, 0.1275, 0.1625, 0.1523, 0.1537, 0.1567]])
05/24 01:56:51 PM alphas reduce :
tensor([[0.1277, 0.1385, 0.1393, 0.1453, 0.1604, 0.1425, 0.1464],
        [0.1453, 0.1471, 0.1417, 0.1435, 0.1414, 0.1406, 0.1403],
        [0.1328, 0.1412, 0.1411, 0.1425, 0.1523, 0.1472, 0.1429],
        [0.1447, 0.1466, 0.1401, 0.1425, 0.1412, 0.1426, 0.1423],
        [0.1403, 0.1444, 0.1390, 0.1415, 0.1440, 0.1453, 0.1455],
        [0.1360, 0.1430, 0.1403, 0.1432, 0.1495, 0.1458, 0.1421],
        [0.1444, 0.1476, 0.1412, 0.1455, 0.1420, 0.1408, 0.1386],
        [0.1397, 0.1463, 0.1378, 0.1439, 0.1441, 0.1446, 0.1435],
        [0.1401, 0.1421, 0.1381, 0.1464, 0.1454, 0.1425, 0.1453],
        [0.1382, 0.1450, 0.1435, 0.1441, 0.1433, 0.1435, 0.1424],
        [0.1394, 0.1436, 0.1386, 0.1458, 0.1441, 0.1461, 0.1425],
        [0.1391, 0.1469, 0.1383, 0.1431, 0.1445, 0.1439, 0.1442],
        [0.1402, 0.1453, 0.1382, 0.1439, 0.1444, 0.1446, 0.1434],
        [0.1411, 0.1457, 0.1377, 0.1440, 0.1435, 0.1444, 0.1436]])
05/24 01:56:51 PM genotype = Genotype(normal=[('dil_conv_5x5', 0), ('avg_pool_3x3', 1), ('dil_conv_3x3', 2), ('avg_pool_3x3', 1), ('sep_conv_5x5', 3), ('sep_conv_3x3', 2), ('sep_conv_3x3', 4), ('dil_conv_3x3', 2)], normal_concat=range(2, 6), reduce=[('sep_conv_5x5', 0), ('max_pool_3x3', 1), ('sep_conv_5x5', 0), ('max_pool_3x3', 1), ('sep_conv_5x5', 0), ('max_pool_3x3', 1), ('max_pool_3x3', 2), ('dil_conv_3x3', 1)], reduce_concat=range(2, 6))
05/24 01:57:47 PM train_darts 000 1.493356e+00 53.125000 92.187500
05/24 02:00:56 PM train_darts 050 1.351432e+00 50.214461 93.719363
05/24 02:04:07 PM train_darts 100 1.334486e+00 51.129332 93.842822
05/24 02:07:20 PM train_darts 150 1.326582e+00 51.345199 94.029387
05/24 02:10:33 PM train_darts 200 1.328307e+00 51.282649 93.936567
05/24 02:13:46 PM train_darts 250 1.324954e+00 51.500249 93.918078
05/24 02:17:01 PM train_darts 300 1.318934e+00 51.661130 94.009551
05/24 02:20:15 PM train_darts 350 1.309562e+00 52.061075 94.070513
05/24 02:22:51 PM train_acc 52.488000 (gradient descent phase)
05/24 02:22:52 PM valid 000 1.247978e+00 48.437500 95.312500
05/24 02:23:11 PM valid 050 1.235019e+00 55.545343 95.036765
05/24 02:23:30 PM valid 100 1.227255e+00 55.290842 94.879332
05/24 02:23:49 PM valid 150 1.214977e+00 55.898179 95.074503
05/24 02:24:08 PM valid 200 1.214075e+00 56.110075 95.094838
05/24 02:24:27 PM valid 250 1.218358e+00 55.957420 95.125747
05/24 02:24:46 PM valid 300 1.218490e+00 55.824336 95.182724
05/24 02:25:04 PM valid 350 1.218755e+00 55.778134 95.085470
05/24 02:25:19 PM valid_acc 55.736000
05/24 02:25:19 PM valid_accuracies: [40.116, 48.536, 55.736]
05/24 02:25:20 PM epoch 3 lr 9.911436e-02
05/24 02:25:20 PM alphas normal :
tensor([[0.1442, 0.0921, 0.1469, 0.1581, 0.1518, 0.1504, 0.1566],
        [0.1601, 0.0958, 0.1494, 0.1491, 0.1480, 0.1456, 0.1520],
        [0.1439, 0.0922, 0.1448, 0.1540, 0.1589, 0.1530, 0.1532],
        [0.1581, 0.0931, 0.1476, 0.1492, 0.1449, 0.1556, 0.1514],
        [0.1441, 0.1001, 0.1414, 0.1551, 0.1508, 0.1602, 0.1482],
        [0.1423, 0.1036, 0.1434, 0.1579, 0.1538, 0.1441, 0.1548],
        [0.1561, 0.1034, 0.1472, 0.1466, 0.1396, 0.1556, 0.1515],
        [0.1401, 0.1031, 0.1357, 0.1527, 0.1598, 0.1578, 0.1508],
        [0.1358, 0.1098, 0.1319, 0.1534, 0.1613, 0.1471, 0.1607],
        [0.1459, 0.1076, 0.1458, 0.1510, 0.1524, 0.1454, 0.1519],
        [0.1581, 0.1067, 0.1439, 0.1496, 0.1532, 0.1454, 0.1431],
        [0.1415, 0.1077, 0.1416, 0.1470, 0.1471, 0.1586, 0.1565],
        [0.1351, 0.1146, 0.1325, 0.1516, 0.1499, 0.1563, 0.1601],
        [0.1259, 0.1115, 0.1237, 0.1666, 0.1536, 0.1571, 0.1616]])
05/24 02:25:20 PM alphas reduce :
tensor([[0.1260, 0.1392, 0.1387, 0.1463, 0.1606, 0.1419, 0.1473],
        [0.1434, 0.1468, 0.1404, 0.1426, 0.1457, 0.1389, 0.1422],
        [0.1331, 0.1433, 0.1395, 0.1421, 0.1549, 0.1450, 0.1421],
        [0.1426, 0.1465, 0.1377, 0.1438, 0.1457, 0.1420, 0.1417],
        [0.1378, 0.1431, 0.1416, 0.1427, 0.1442, 0.1457, 0.1448],
        [0.1380, 0.1453, 0.1380, 0.1427, 0.1503, 0.1437, 0.1420],
        [0.1440, 0.1474, 0.1422, 0.1434, 0.1448, 0.1395, 0.1387],
        [0.1376, 0.1459, 0.1402, 0.1419, 0.1459, 0.1443, 0.1442],
        [0.1364, 0.1404, 0.1390, 0.1487, 0.1485, 0.1419, 0.1451],
        [0.1381, 0.1448, 0.1433, 0.1429, 0.1456, 0.1433, 0.1420],
        [0.1412, 0.1437, 0.1403, 0.1448, 0.1449, 0.1440, 0.1411],
        [0.1367, 0.1454, 0.1378, 0.1445, 0.1447, 0.1430, 0.1481],
        [0.1361, 0.1433, 0.1374, 0.1456, 0.1467, 0.1460, 0.1449],
        [0.1360, 0.1433, 0.1362, 0.1464, 0.1441, 0.1465, 0.1476]])
05/24 02:25:20 PM genotype = Genotype(normal=[('avg_pool_3x3', 1), ('sep_conv_3x3', 0), ('dil_conv_3x3', 2), ('sep_conv_5x5', 0), ('sep_conv_5x5', 3), ('sep_conv_5x5', 2), ('sep_conv_3x3', 4), ('dil_conv_5x5', 3)], normal_concat=range(2, 6), reduce=[('sep_conv_5x5', 0), ('max_pool_3x3', 1), ('sep_conv_5x5', 0), ('max_pool_3x3', 1), ('sep_conv_5x5', 0), ('sep_conv_3x3', 3), ('dil_conv_5x5', 2), ('dil_conv_5x5', 4)], reduce_concat=range(2, 6))
05/24 02:26:16 PM train_darts 000 1.212319e+00 50.000000 93.750000
05/24 02:29:24 PM train_darts 050 1.241922e+00 55.055147 94.944853
05/24 02:32:37 PM train_darts 100 1.203335e+00 57.054455 95.297030
05/24 02:35:49 PM train_darts 150 1.192525e+00 57.057119 95.395281
05/24 02:39:02 PM train_darts 200 1.192608e+00 56.996269 95.444652
05/24 02:42:16 PM train_darts 250 1.187415e+00 57.214890 95.461902
05/24 02:45:30 PM train_darts 300 1.183212e+00 57.340116 95.437085
05/24 02:48:44 PM train_darts 350 1.174777e+00 57.661147 95.481660
05/24 02:51:20 PM train_acc 57.916000 (gradient descent phase)
05/24 02:51:21 PM valid 000 1.332940e+00 57.812500 95.312500
05/24 02:51:40 PM valid 050 1.232901e+00 56.801471 94.822304
05/24 02:51:59 PM valid 100 1.209901e+00 57.564975 94.863861
05/24 02:52:18 PM valid 150 1.197071e+00 57.874586 94.629553
05/24 02:52:37 PM valid 200 1.193754e+00 57.975746 94.690609
05/24 02:52:55 PM valid 250 1.206315e+00 57.625747 94.565488
05/24 02:53:14 PM valid 300 1.201272e+00 57.760590 94.694767
05/24 02:53:33 PM valid 350 1.202044e+00 57.692308 94.729345
05/24 02:53:48 PM valid_acc 57.768000
05/24 02:53:48 PM valid_accuracies: [40.116, 48.536, 55.736, 57.768]
05/24 02:53:48 PM epoch 4 lr 9.842916e-02
05/24 02:53:48 PM alphas normal :
tensor([[0.1439, 0.0859, 0.1459, 0.1578, 0.1548, 0.1524, 0.1593],
        [0.1647, 0.0908, 0.1527, 0.1493, 0.1484, 0.1438, 0.1503],
        [0.1418, 0.0856, 0.1418, 0.1578, 0.1619, 0.1548, 0.1563],
        [0.1587, 0.0874, 0.1462, 0.1520, 0.1494, 0.1546, 0.1517],
        [0.1377, 0.0930, 0.1351, 0.1626, 0.1550, 0.1646, 0.1521],
        [0.1421, 0.0991, 0.1436, 0.1617, 0.1532, 0.1460, 0.1542],
        [0.1563, 0.0984, 0.1462, 0.1507, 0.1417, 0.1574, 0.1492],
        [0.1367, 0.0969, 0.1321, 0.1560, 0.1627, 0.1590, 0.1567],
        [0.1352, 0.1054, 0.1313, 0.1563, 0.1620, 0.1496, 0.1603],
        [0.1472, 0.1027, 0.1460, 0.1578, 0.1557, 0.1413, 0.1493],
        [0.1638, 0.1011, 0.1462, 0.1483, 0.1527, 0.1440, 0.1439],
        [0.1396, 0.1027, 0.1391, 0.1520, 0.1494, 0.1604, 0.1568],
        [0.1345, 0.1103, 0.1312, 0.1496, 0.1501, 0.1604, 0.1640],
        [0.1242, 0.1064, 0.1218, 0.1715, 0.1518, 0.1590, 0.1653]])
05/24 02:53:48 PM alphas reduce :
tensor([[0.1253, 0.1388, 0.1416, 0.1464, 0.1617, 0.1389, 0.1473],
        [0.1414, 0.1470, 0.1397, 0.1476, 0.1477, 0.1331, 0.1435],
        [0.1336, 0.1430, 0.1418, 0.1404, 0.1523, 0.1454, 0.1435],
        [0.1425, 0.1483, 0.1361, 0.1443, 0.1478, 0.1405, 0.1405],
        [0.1366, 0.1451, 0.1399, 0.1465, 0.1453, 0.1398, 0.1469],
        [0.1361, 0.1458, 0.1381, 0.1436, 0.1520, 0.1422, 0.1422],
        [0.1443, 0.1497, 0.1430, 0.1406, 0.1455, 0.1380, 0.1388],
        [0.1390, 0.1514, 0.1401, 0.1390, 0.1445, 0.1415, 0.1445],
        [0.1368, 0.1447, 0.1384, 0.1508, 0.1463, 0.1390, 0.1440],
        [0.1391, 0.1490, 0.1414, 0.1391, 0.1494, 0.1436, 0.1383],
        [0.1422, 0.1457, 0.1394, 0.1465, 0.1440, 0.1441, 0.1381],
        [0.1390, 0.1485, 0.1382, 0.1390, 0.1465, 0.1418, 0.1471],
        [0.1388, 0.1469, 0.1379, 0.1442, 0.1459, 0.1448, 0.1415],
        [0.1371, 0.1462, 0.1347, 0.1466, 0.1429, 0.1459, 0.1466]])
05/24 02:53:48 PM genotype = Genotype(normal=[('avg_pool_3x3', 1), ('dil_conv_5x5', 0), ('dil_conv_3x3', 2), ('sep_conv_5x5', 0), ('sep_conv_5x5', 2), ('sep_conv_5x5', 3), ('sep_conv_3x3', 4), ('dil_conv_5x5', 3)], normal_concat=range(2, 6), reduce=[('sep_conv_5x5', 0), ('sep_conv_5x5', 1), ('sep_conv_5x5', 0), ('max_pool_3x3', 1), ('sep_conv_5x5', 0), ('max_pool_3x3', 2), ('sep_conv_5x5', 0), ('max_pool_3x3', 2)], reduce_concat=range(2, 6))
05/24 02:54:44 PM train_darts 000 1.141019e+00 64.062500 92.187500
05/24 02:57:53 PM train_darts 050 1.101330e+00 61.488971 95.802696
05/24 03:01:05 PM train_darts 100 1.098199e+00 61.649134 95.900371
05/24 03:04:17 PM train_darts 150 1.099813e+00 61.268626 96.057533
05/24 03:07:29 PM train_darts 200 1.099885e+00 61.108520 95.965485
05/24 03:10:43 PM train_darts 250 1.092933e+00 61.161604 95.997261
05/24 03:13:57 PM train_darts 300 1.091405e+00 61.030939 96.085963
05/24 03:17:13 PM train_darts 350 1.086621e+00 61.195691 96.038105
05/24 03:19:49 PM train_acc 61.204000 (gradient descent phase)
05/24 03:19:49 PM valid 000 1.215364e+00 46.875000 92.187500
05/24 03:20:09 PM valid 050 1.074928e+00 61.734069 95.925245
05/24 03:20:28 PM valid 100 1.057089e+00 62.732054 96.395421
05/24 03:20:47 PM valid 150 1.055827e+00 62.665563 96.336921
05/24 03:21:06 PM valid 200 1.066097e+00 62.227923 96.268657
05/24 03:21:25 PM valid 250 1.067179e+00 62.107819 96.296066
05/24 03:21:43 PM valid 300 1.064763e+00 62.095100 96.355897
05/24 03:22:02 PM valid 350 1.065885e+00 62.041489 96.340812
05/24 03:22:17 PM valid_acc 62.168000
05/24 03:22:17 PM valid_accuracies: [40.116, 48.536, 55.736, 57.768, 62.168]
05/24 03:22:18 PM epoch 5 lr 9.755283e-02
05/24 03:22:18 PM alphas normal :
tensor([[0.1461, 0.0794, 0.1466, 0.1604, 0.1569, 0.1511, 0.1595],
        [0.1638, 0.0851, 0.1529, 0.1532, 0.1527, 0.1425, 0.1497],
        [0.1406, 0.0787, 0.1392, 0.1633, 0.1658, 0.1539, 0.1584],
        [0.1580, 0.0812, 0.1449, 0.1515, 0.1496, 0.1610, 0.1539],
        [0.1374, 0.0874, 0.1350, 0.1671, 0.1559, 0.1667, 0.1507],
        [0.1423, 0.0935, 0.1431, 0.1636, 0.1544, 0.1452, 0.1580],
        [0.1578, 0.0933, 0.1471, 0.1543, 0.1434, 0.1577, 0.1464],
        [0.1397, 0.0930, 0.1355, 0.1539, 0.1647, 0.1576, 0.1557],
        [0.1376, 0.1025, 0.1336, 0.1550, 0.1635, 0.1522, 0.1557],
        [0.1490, 0.0984, 0.1474, 0.1601, 0.1557, 0.1408, 0.1487],
        [0.1675, 0.0969, 0.1484, 0.1469, 0.1578, 0.1402, 0.1424],
        [0.1412, 0.0999, 0.1397, 0.1508, 0.1502, 0.1599, 0.1583],
        [0.1365, 0.1074, 0.1325, 0.1509, 0.1494, 0.1590, 0.1642],
        [0.1229, 0.1018, 0.1198, 0.1781, 0.1524, 0.1595, 0.1655]])
05/24 03:22:18 PM alphas reduce :
tensor([[0.1279, 0.1395, 0.1419, 0.1470, 0.1619, 0.1360, 0.1457],
        [0.1414, 0.1454, 0.1416, 0.1478, 0.1504, 0.1327, 0.1406],
        [0.1351, 0.1431, 0.1440, 0.1411, 0.1517, 0.1438, 0.1412],
        [0.1429, 0.1458, 0.1343, 0.1420, 0.1473, 0.1433, 0.1445],
        [0.1328, 0.1440, 0.1368, 0.1484, 0.1492, 0.1397, 0.1491],
        [0.1380, 0.1467, 0.1387, 0.1432, 0.1538, 0.1389, 0.1407],
        [0.1428, 0.1472, 0.1402, 0.1414, 0.1483, 0.1406, 0.1395],
        [0.1379, 0.1530, 0.1395, 0.1373, 0.1449, 0.1430, 0.1443],
        [0.1343, 0.1439, 0.1365, 0.1558, 0.1469, 0.1383, 0.1443],
        [0.1404, 0.1500, 0.1424, 0.1396, 0.1477, 0.1417, 0.1382],
        [0.1430, 0.1452, 0.1361, 0.1467, 0.1474, 0.1427, 0.1388],
        [0.1372, 0.1471, 0.1363, 0.1407, 0.1485, 0.1426, 0.1477],
        [0.1356, 0.1440, 0.1341, 0.1502, 0.1474, 0.1464, 0.1422],
        [0.1329, 0.1433, 0.1302, 0.1496, 0.1471, 0.1496, 0.1472]])
05/24 03:22:18 PM genotype = Genotype(normal=[('avg_pool_3x3', 1), ('sep_conv_3x3', 0), ('sep_conv_3x3', 2), ('sep_conv_5x5', 0), ('sep_conv_5x5', 2), ('sep_conv_3x3', 0), ('sep_conv_3x3', 4), ('avg_pool_3x3', 1)], normal_concat=range(2, 6), reduce=[('sep_conv_5x5', 0), ('sep_conv_5x5', 1), ('sep_conv_5x5', 0), ('sep_conv_5x5', 2), ('sep_conv_3x3', 3), ('sep_conv_5x5', 0), ('sep_conv_3x3', 3), ('max_pool_3x3', 0)], reduce_concat=range(2, 6))
05/24 03:23:13 PM train_darts 000 9.841866e-01 62.500000 95.312500
05/24 03:26:22 PM train_darts 050 1.043275e+00 62.377451 96.691176
05/24 03:29:34 PM train_darts 100 1.027805e+00 63.304455 96.813119
05/24 03:32:49 PM train_darts 150 1.026457e+00 63.514073 96.657699
05/24 03:36:18 PM train_darts 200 1.039534e+00 62.826493 96.579602
05/24 03:39:30 PM train_darts 250 1.039353e+00 62.593376 96.675797
05/24 03:42:43 PM train_darts 300 1.033538e+00 62.743978 96.641404
05/24 03:45:58 PM train_darts 350 1.032128e+00 62.847222 96.594551
05/24 03:48:34 PM train_acc 63.084000 (gradient descent phase)
05/24 03:48:35 PM valid 000 1.196056e+00 59.375000 98.437500
05/24 03:48:54 PM valid 050 1.078295e+00 62.438725 96.200980
05/24 03:49:13 PM valid 100 1.073242e+00 62.577351 96.178837
05/24 03:49:32 PM valid 150 1.066402e+00 62.510348 96.378311
05/24 03:49:51 PM valid 200 1.063569e+00 62.352301 96.501866
05/24 03:50:09 PM valid 250 1.065489e+00 62.176295 96.439243
05/24 03:50:28 PM valid 300 1.071986e+00 62.157392 96.449336
05/24 03:50:48 PM valid 350 1.069356e+00 62.179487 96.483262
05/24 03:51:03 PM valid_acc 62.388000
05/24 03:51:03 PM valid_accuracies: [40.116, 48.536, 55.736, 57.768, 62.168, 62.388]
05/24 03:51:03 PM epoch 6 lr 9.648882e-02
05/24 03:51:03 PM alphas normal :
tensor([[0.1456, 0.0734, 0.1443, 0.1649, 0.1603, 0.1510, 0.1605],
        [0.1625, 0.0800, 0.1520, 0.1612, 0.1537, 0.1420, 0.1485],
        [0.1395, 0.0734, 0.1370, 0.1655, 0.1717, 0.1516, 0.1613],
        [0.1603, 0.0773, 0.1456, 0.1505, 0.1505, 0.1606, 0.1553],
        [0.1380, 0.0822, 0.1348, 0.1677, 0.1541, 0.1704, 0.1529],
        [0.1421, 0.0890, 0.1429, 0.1635, 0.1566, 0.1477, 0.1581],
        [0.1603, 0.0892, 0.1484, 0.1586, 0.1463, 0.1541, 0.1430],
        [0.1412, 0.0891, 0.1364, 0.1540, 0.1682, 0.1582, 0.1529],
        [0.1387, 0.0995, 0.1343, 0.1518, 0.1655, 0.1526, 0.1576],
        [0.1514, 0.0949, 0.1479, 0.1609, 0.1552, 0.1411, 0.1486],
        [0.1706, 0.0947, 0.1494, 0.1475, 0.1589, 0.1370, 0.1420],
        [0.1448, 0.0970, 0.1426, 0.1472, 0.1474, 0.1618, 0.1593],
        [0.1412, 0.1065, 0.1367, 0.1513, 0.1437, 0.1577, 0.1630],
        [0.1240, 0.0988, 0.1198, 0.1764, 0.1534, 0.1619, 0.1658]])
05/24 03:51:03 PM alphas reduce :
tensor([[0.1253, 0.1366, 0.1411, 0.1474, 0.1681, 0.1343, 0.1472],
        [0.1409, 0.1458, 0.1413, 0.1509, 0.1561, 0.1290, 0.1360],
        [0.1331, 0.1409, 0.1466, 0.1389, 0.1520, 0.1458, 0.1428],
        [0.1409, 0.1447, 0.1314, 0.1413, 0.1493, 0.1458, 0.1466],
        [0.1300, 0.1416, 0.1341, 0.1505, 0.1509, 0.1413, 0.1517],
        [0.1372, 0.1454, 0.1386, 0.1416, 0.1576, 0.1415, 0.1381],
        [0.1422, 0.1464, 0.1404, 0.1432, 0.1480, 0.1408, 0.1391],
        [0.1372, 0.1526, 0.1389, 0.1412, 0.1465, 0.1404, 0.1432],
        [0.1342, 0.1435, 0.1363, 0.1543, 0.1473, 0.1394, 0.1451],
        [0.1371, 0.1472, 0.1412, 0.1426, 0.1526, 0.1407, 0.1385],
        [0.1406, 0.1451, 0.1363, 0.1451, 0.1499, 0.1433, 0.1397],
        [0.1359, 0.1460, 0.1349, 0.1427, 0.1534, 0.1392, 0.1479],
        [0.1357, 0.1447, 0.1327, 0.1507, 0.1484, 0.1464, 0.1415],
        [0.1337, 0.1450, 0.1294, 0.1492, 0.1468, 0.1490, 0.1471]])
05/24 03:51:03 PM genotype = Genotype(normal=[('sep_conv_3x3', 0), ('avg_pool_3x3', 1), ('sep_conv_5x5', 0), ('dil_conv_3x3', 2), ('sep_conv_5x5', 2), ('sep_conv_5x5', 3), ('sep_conv_3x3', 4), ('avg_pool_3x3', 1)], normal_concat=range(2, 6), reduce=[('sep_conv_5x5', 0), ('sep_conv_5x5', 1), ('sep_conv_5x5', 0), ('dil_conv_5x5', 2), ('sep_conv_5x5', 0), ('sep_conv_3x3', 3), ('sep_conv_5x5', 2), ('sep_conv_5x5', 0)], reduce_concat=range(2, 6))
05/24 03:52:13 PM train_darts 000 1.131675e+00 57.812500 98.437500
05/24 03:55:48 PM train_darts 050 9.890001e-01 64.031863 97.273284
05/24 03:59:13 PM train_darts 100 9.738246e-01 65.021658 97.168936
05/24 04:02:35 PM train_darts 150 9.817889e-01 64.735099 96.947434
05/24 04:05:48 PM train_darts 200 9.727373e-01 64.995336 97.069341
05/24 04:09:07 PM train_darts 250 9.726605e-01 65.058516 96.962151
05/24 04:12:24 PM train_darts 300 9.726780e-01 65.339493 96.958056
05/24 04:15:42 PM train_darts 350 9.727787e-01 65.295584 96.990741
05/24 04:18:27 PM train_acc 65.368000 (gradient descent phase)
05/24 04:18:28 PM valid 000 1.028643e+00 59.375000 98.437500
05/24 04:18:47 PM valid 050 9.405426e-01 66.513480 97.273284
05/24 04:19:06 PM valid 100 9.523962e-01 66.398515 96.921411
05/24 04:19:25 PM valid 150 9.676558e-01 65.769868 96.895695
05/24 04:19:45 PM valid 200 9.697534e-01 65.757152 96.944963
05/24 04:20:04 PM valid 250 9.699373e-01 65.656125 97.005727
05/24 04:20:22 PM valid 300 9.685227e-01 65.578281 97.056686
05/24 04:20:41 PM valid 350 9.664432e-01 65.696225 96.990741
05/24 04:20:56 PM valid_acc 65.764000
05/24 04:20:56 PM valid_accuracies: [40.116, 48.536, 55.736, 57.768, 62.168, 62.388, 65.764]
05/24 04:20:57 PM epoch 7 lr 9.524135e-02
05/24 04:20:57 PM alphas normal :
tensor([[0.1445, 0.0687, 0.1423, 0.1671, 0.1620, 0.1516, 0.1638],
        [0.1648, 0.0760, 0.1532, 0.1681, 0.1543, 0.1385, 0.1451],
        [0.1376, 0.0694, 0.1353, 0.1731, 0.1731, 0.1501, 0.1613],
        [0.1608, 0.0738, 0.1450, 0.1531, 0.1544, 0.1582, 0.1547],
        [0.1398, 0.0797, 0.1357, 0.1722, 0.1514, 0.1675, 0.1537],
        [0.1387, 0.0852, 0.1397, 0.1657, 0.1620, 0.1465, 0.1621],
        [0.1617, 0.0858, 0.1480, 0.1612, 0.1432, 0.1545, 0.1455],
        [0.1420, 0.0858, 0.1369, 0.1518, 0.1708, 0.1596, 0.1530],
        [0.1394, 0.0966, 0.1353, 0.1520, 0.1660, 0.1509, 0.1599],
        [0.1558, 0.0946, 0.1508, 0.1568, 0.1587, 0.1380, 0.1453],
        [0.1726, 0.0946, 0.1503, 0.1500, 0.1567, 0.1355, 0.1403],
        [0.1469, 0.0952, 0.1443, 0.1477, 0.1444, 0.1622, 0.1594],
        [0.1438, 0.1052, 0.1392, 0.1507, 0.1394, 0.1602, 0.1613],
        [0.1254, 0.0967, 0.1209, 0.1766, 0.1539, 0.1604, 0.1661]])
05/24 04:20:57 PM alphas reduce :
tensor([[0.1297, 0.1387, 0.1410, 0.1474, 0.1664, 0.1306, 0.1462],
        [0.1417, 0.1469, 0.1417, 0.1511, 0.1580, 0.1264, 0.1343],
        [0.1346, 0.1410, 0.1472, 0.1384, 0.1532, 0.1445, 0.1411],
        [0.1413, 0.1452, 0.1292, 0.1384, 0.1532, 0.1475, 0.1452],
        [0.1297, 0.1407, 0.1347, 0.1467, 0.1579, 0.1388, 0.1516],
        [0.1392, 0.1460, 0.1371, 0.1443, 0.1596, 0.1389, 0.1348],
        [0.1440, 0.1477, 0.1379, 0.1450, 0.1514, 0.1382, 0.1357],
        [0.1374, 0.1524, 0.1398, 0.1391, 0.1497, 0.1366, 0.1449],
        [0.1353, 0.1424, 0.1386, 0.1533, 0.1473, 0.1383, 0.1449],
        [0.1399, 0.1491, 0.1381, 0.1433, 0.1517, 0.1407, 0.1372],
        [0.1402, 0.1457, 0.1356, 0.1436, 0.1531, 0.1431, 0.1388],
        [0.1351, 0.1452, 0.1347, 0.1443, 0.1547, 0.1382, 0.1478],
        [0.1358, 0.1437, 0.1339, 0.1514, 0.1479, 0.1460, 0.1413],
        [0.1330, 0.1435, 0.1302, 0.1497, 0.1465, 0.1496, 0.1476]])
05/24 04:20:57 PM genotype = Genotype(normal=[('sep_conv_3x3', 1), ('sep_conv_3x3', 0), ('sep_conv_3x3', 0), ('sep_conv_3x3', 2), ('sep_conv_5x5', 2), ('sep_conv_5x5', 3), ('sep_conv_3x3', 4), ('avg_pool_3x3', 1)], normal_concat=range(2, 6), reduce=[('sep_conv_5x5', 0), ('sep_conv_5x5', 1), ('sep_conv_5x5', 2), ('sep_conv_5x5', 1), ('sep_conv_5x5', 0), ('sep_conv_3x3', 3), ('sep_conv_5x5', 2), ('sep_conv_5x5', 1)], reduce_concat=range(2, 6))
05/24 04:21:51 PM train_darts 000 1.089642e+00 62.500000 96.875000
05/24 04:25:06 PM train_darts 050 9.414067e-01 66.758578 97.334559
05/24 04:28:24 PM train_darts 100 9.292008e-01 67.280322 97.107054
05/24 04:31:42 PM train_darts 150 9.248102e-01 67.580712 97.340646
05/24 04:35:00 PM train_darts 200 9.207674e-01 67.576182 97.419154
05/24 04:38:24 PM train_darts 250 9.164115e-01 67.841135 97.435259
05/24 04:41:46 PM train_darts 300 9.162354e-01 67.742940 97.420058
05/24 04:45:03 PM train_darts 350 9.159529e-01 67.650463 97.418091
05/24 04:47:41 PM train_acc 67.524000 (gradient descent phase)
05/24 04:47:41 PM valid 000 8.457004e-01 68.750000 95.312500
05/24 04:48:01 PM valid 050 9.450381e-01 66.115196 97.242647
05/24 04:48:20 PM valid 100 9.670131e-01 65.594059 96.844059
05/24 04:48:39 PM valid 150 9.530125e-01 66.442467 96.740480
05/24 04:48:58 PM valid 200 9.516956e-01 66.806592 96.742848
05/24 04:49:16 PM valid 250 9.489267e-01 66.907371 96.794074
05/24 04:49:35 PM valid 300 9.516757e-01 66.803364 96.817899
05/24 04:49:54 PM valid 350 9.458869e-01 67.049501 96.857194
05/24 04:50:09 PM valid_acc 66.940000
05/24 04:50:09 PM valid_accuracies: [40.116, 48.536, 55.736, 57.768, 62.168, 62.388, 65.764, 66.94]
05/24 04:50:09 PM epoch 8 lr 9.381533e-02
05/24 04:50:09 PM alphas normal :
tensor([[0.1440, 0.0656, 0.1403, 0.1697, 0.1631, 0.1540, 0.1633],
        [0.1631, 0.0729, 0.1509, 0.1745, 0.1534, 0.1390, 0.1463],
        [0.1368, 0.0668, 0.1340, 0.1748, 0.1743, 0.1511, 0.1621],
        [0.1627, 0.0719, 0.1448, 0.1534, 0.1552, 0.1590, 0.1530],
        [0.1388, 0.0783, 0.1356, 0.1728, 0.1523, 0.1702, 0.1520],
        [0.1370, 0.0829, 0.1368, 0.1693, 0.1664, 0.1462, 0.1614],
        [0.1640, 0.0839, 0.1489, 0.1626, 0.1390, 0.1550, 0.1466],
        [0.1406, 0.0834, 0.1367, 0.1465, 0.1713, 0.1651, 0.1564],
        [0.1406, 0.0953, 0.1374, 0.1509, 0.1644, 0.1522, 0.1593],
        [0.1582, 0.0942, 0.1524, 0.1562, 0.1587, 0.1356, 0.1447],
        [0.1726, 0.0946, 0.1502, 0.1530, 0.1578, 0.1345, 0.1373],
        [0.1457, 0.0945, 0.1427, 0.1502, 0.1466, 0.1621, 0.1582],
        [0.1430, 0.1040, 0.1383, 0.1517, 0.1369, 0.1629, 0.1631],
        [0.1239, 0.0953, 0.1194, 0.1776, 0.1519, 0.1633, 0.1688]])
05/24 04:50:09 PM alphas reduce :
tensor([[0.1296, 0.1374, 0.1390, 0.1452, 0.1664, 0.1328, 0.1495],
        [0.1400, 0.1451, 0.1417, 0.1529, 0.1608, 0.1246, 0.1349],
        [0.1320, 0.1391, 0.1448, 0.1380, 0.1561, 0.1441, 0.1459],
        [0.1385, 0.1422, 0.1289, 0.1387, 0.1592, 0.1472, 0.1453],
        [0.1246, 0.1369, 0.1313, 0.1515, 0.1661, 0.1366, 0.1530],
        [0.1389, 0.1468, 0.1352, 0.1446, 0.1639, 0.1345, 0.1361],
        [0.1439, 0.1467, 0.1375, 0.1442, 0.1549, 0.1392, 0.1337],
        [0.1350, 0.1516, 0.1384, 0.1406, 0.1526, 0.1384, 0.1433],
        [0.1352, 0.1427, 0.1401, 0.1495, 0.1488, 0.1369, 0.1468],
        [0.1414, 0.1512, 0.1334, 0.1430, 0.1515, 0.1412, 0.1383],
        [0.1394, 0.1454, 0.1352, 0.1451, 0.1529, 0.1435, 0.1385],
        [0.1345, 0.1455, 0.1343, 0.1474, 0.1529, 0.1375, 0.1478],
        [0.1365, 0.1446, 0.1350, 0.1514, 0.1497, 0.1422, 0.1405],
        [0.1333, 0.1445, 0.1306, 0.1520, 0.1458, 0.1464, 0.1475]])
05/24 04:50:09 PM genotype = Genotype(normal=[('sep_conv_3x3', 1), ('sep_conv_3x3', 0), ('sep_conv_3x3', 0), ('sep_conv_3x3', 2), ('sep_conv_5x5', 2), ('sep_conv_3x3', 0), ('sep_conv_3x3', 4), ('avg_pool_3x3', 1)], normal_concat=range(2, 6), reduce=[('sep_conv_5x5', 0), ('sep_conv_5x5', 1), ('sep_conv_5x5', 2), ('sep_conv_5x5', 1), ('sep_conv_5x5', 0), ('sep_conv_5x5', 1), ('sep_conv_5x5', 2), ('sep_conv_5x5', 1)], reduce_concat=range(2, 6))
05/24 04:51:02 PM train_darts 000 8.000025e-01 71.875000 98.437500
05/24 04:54:12 PM train_darts 050 8.873843e-01 68.382353 97.732843
05/24 04:57:23 PM train_darts 100 8.741766e-01 69.368812 97.555693
05/24 05:00:36 PM train_darts 150 8.780538e-01 69.008692 97.464818
05/24 05:03:49 PM train_darts 200 8.717819e-01 68.765547 97.535759
05/24 05:07:03 PM train_darts 250 8.784708e-01 68.606823 97.509960
05/24 05:10:16 PM train_darts 300 8.796105e-01 68.397010 97.627699
05/24 05:13:28 PM train_darts 350 8.800428e-01 68.358262 97.640670
05/24 05:16:05 PM train_acc 68.492000 (gradient descent phase)
05/24 05:16:06 PM valid 000 7.942017e-01 75.000000 100.000000
05/24 05:16:25 PM valid 050 8.731802e-01 69.117647 97.518382
05/24 05:16:44 PM valid 100 8.800809e-01 68.904703 97.447401
05/24 05:17:03 PM valid 150 8.745639e-01 68.987997 97.526904
05/24 05:17:22 PM valid 200 8.765931e-01 68.913246 97.426928
05/24 05:17:41 PM valid 250 8.733875e-01 68.999004 97.441484
05/24 05:18:00 PM valid 300 8.740668e-01 69.035507 97.451204
05/24 05:18:18 PM valid 350 8.724305e-01 69.297543 97.391382
05/24 05:18:33 PM valid_acc 69.184000
05/24 05:18:33 PM valid_accuracies: [40.116, 48.536, 55.736, 57.768, 62.168, 62.388, 65.764, 66.94, 69.184]
05/24 05:18:34 PM epoch 9 lr 9.221640e-02
05/24 05:18:34 PM alphas normal :
tensor([[0.1449, 0.0627, 0.1403, 0.1715, 0.1673, 0.1521, 0.1612],
        [0.1646, 0.0694, 0.1508, 0.1772, 0.1517, 0.1378, 0.1485],
        [0.1347, 0.0640, 0.1315, 0.1745, 0.1823, 0.1518, 0.1612],
        [0.1620, 0.0685, 0.1433, 0.1573, 0.1553, 0.1557, 0.1579],
        [0.1364, 0.0753, 0.1342, 0.1765, 0.1490, 0.1718, 0.1569],
        [0.1379, 0.0800, 0.1369, 0.1699, 0.1698, 0.1442, 0.1613],
        [0.1646, 0.0804, 0.1476, 0.1661, 0.1371, 0.1578, 0.1464],
        [0.1406, 0.0797, 0.1370, 0.1416, 0.1736, 0.1709, 0.1567],
        [0.1403, 0.0917, 0.1373, 0.1510, 0.1662, 0.1527, 0.1609],
        [0.1557, 0.0936, 0.1495, 0.1565, 0.1641, 0.1372, 0.1435],
        [0.1686, 0.0939, 0.1463, 0.1548, 0.1607, 0.1365, 0.1393],
        [0.1460, 0.0921, 0.1429, 0.1515, 0.1453, 0.1620, 0.1603],
        [0.1428, 0.1020, 0.1380, 0.1516, 0.1334, 0.1685, 0.1638],
        [0.1238, 0.0936, 0.1190, 0.1804, 0.1516, 0.1616, 0.1699]])
05/24 05:18:34 PM alphas reduce :
tensor([[0.1305, 0.1385, 0.1379, 0.1482, 0.1653, 0.1316, 0.1480],
        [0.1391, 0.1447, 0.1411, 0.1517, 0.1658, 0.1216, 0.1359],
        [0.1346, 0.1428, 0.1441, 0.1392, 0.1509, 0.1415, 0.1468],
        [0.1379, 0.1427, 0.1279, 0.1427, 0.1612, 0.1433, 0.1443],
        [0.1230, 0.1364, 0.1297, 0.1480, 0.1737, 0.1339, 0.1553],
        [0.1388, 0.1491, 0.1329, 0.1394, 0.1686, 0.1343, 0.1368],
        [0.1458, 0.1486, 0.1372, 0.1460, 0.1529, 0.1372, 0.1324],
        [0.1337, 0.1520, 0.1382, 0.1436, 0.1540, 0.1353, 0.1432],
        [0.1375, 0.1453, 0.1430, 0.1476, 0.1459, 0.1346, 0.1461],
        [0.1402, 0.1496, 0.1303, 0.1407, 0.1553, 0.1419, 0.1422],
        [0.1407, 0.1452, 0.1358, 0.1423, 0.1540, 0.1410, 0.1410],
        [0.1344, 0.1459, 0.1347, 0.1510, 0.1524, 0.1351, 0.1466],
        [0.1360, 0.1441, 0.1352, 0.1536, 0.1521, 0.1401, 0.1389],
        [0.1328, 0.1442, 0.1305, 0.1548, 0.1445, 0.1467, 0.1466]])
05/24 05:18:34 PM genotype = Genotype(normal=[('sep_conv_3x3', 1), ('sep_conv_3x3', 0), ('sep_conv_5x5', 0), ('sep_conv_3x3', 2), ('sep_conv_5x5', 2), ('sep_conv_3x3', 0), ('sep_conv_3x3', 4), ('avg_pool_3x3', 1)], normal_concat=range(2, 6), reduce=[('sep_conv_5x5', 1), ('sep_conv_5x5', 0), ('sep_conv_5x5', 2), ('sep_conv_5x5', 1), ('sep_conv_5x5', 0), ('sep_conv_5x5', 2), ('sep_conv_5x5', 0), ('sep_conv_3x3', 4)], reduce_concat=range(2, 6))
05/24 05:19:27 PM train_darts 000 6.072338e-01 84.375000 100.000000
05/24 05:22:37 PM train_darts 050 8.543750e-01 69.852941 98.039216
05/24 05:25:49 PM train_darts 100 8.401434e-01 70.188738 97.803218
05/24 05:29:01 PM train_darts 150 8.341147e-01 70.353891 97.816639
05/24 05:32:15 PM train_darts 200 8.325664e-01 70.452425 97.815609
05/24 05:35:32 PM train_darts 250 8.396147e-01 70.356076 97.858566
05/24 05:38:46 PM train_darts 300 8.419338e-01 70.291736 97.814576
05/24 05:42:11 PM train_darts 350 8.376816e-01 70.383725 97.907764
05/24 05:44:52 PM train_acc 70.576000 (gradient descent phase)
05/24 05:44:53 PM valid 000 8.258991e-01 70.312500 98.437500
05/24 05:45:13 PM valid 050 8.813258e-01 69.577206 97.610294
05/24 05:45:34 PM valid 100 8.673619e-01 70.018564 97.509282
05/24 05:45:54 PM valid 150 8.695984e-01 69.805464 97.288907
05/24 05:46:13 PM valid 200 8.791298e-01 69.364117 97.388060
05/24 05:46:33 PM valid 250 8.855838e-01 68.986554 97.379233
05/24 05:46:52 PM valid 300 8.893186e-01 68.952450 97.321429
05/24 05:47:11 PM valid 350 8.808312e-01 69.253027 97.346866
05/24 05:47:28 PM valid_acc 69.312000
05/24 05:47:28 PM valid_accuracies: [40.116, 48.536, 55.736, 57.768, 62.168, 62.388, 65.764, 66.94, 69.184, 69.312]
05/24 05:47:28 PM epoch 10 lr 9.045085e-02
05/24 05:47:28 PM alphas normal :
tensor([[0.1427, 0.0602, 0.1363, 0.1756, 0.1715, 0.1544, 0.1594],
        [0.1611, 0.0672, 0.1482, 0.1852, 0.1492, 0.1353, 0.1538],
        [0.1341, 0.0623, 0.1294, 0.1763, 0.1877, 0.1487, 0.1615],
        [0.1586, 0.0673, 0.1403, 0.1625, 0.1598, 0.1531, 0.1584],
        [0.1357, 0.0735, 0.1338, 0.1795, 0.1490, 0.1728, 0.1557],
        [0.1377, 0.0778, 0.1354, 0.1720, 0.1723, 0.1462, 0.1585],
        [0.1652, 0.0786, 0.1480, 0.1695, 0.1369, 0.1548, 0.1470],
        [0.1401, 0.0772, 0.1373, 0.1411, 0.1775, 0.1737, 0.1532],
        [0.1403, 0.0888, 0.1379, 0.1522, 0.1667, 0.1531, 0.1609],
        [0.1565, 0.0930, 0.1489, 0.1555, 0.1621, 0.1385, 0.1455],
        [0.1661, 0.0934, 0.1428, 0.1577, 0.1598, 0.1362, 0.1441],
        [0.1488, 0.0899, 0.1454, 0.1521, 0.1409, 0.1634, 0.1596],
        [0.1452, 0.1003, 0.1399, 0.1541, 0.1322, 0.1658, 0.1624],
        [0.1247, 0.0915, 0.1198, 0.1786, 0.1520, 0.1637, 0.1697]])
05/24 05:47:28 PM alphas reduce :
tensor([[0.1294, 0.1372, 0.1381, 0.1456, 0.1664, 0.1344, 0.1489],
        [0.1379, 0.1449, 0.1393, 0.1533, 0.1690, 0.1200, 0.1357],
        [0.1310, 0.1401, 0.1421, 0.1418, 0.1576, 0.1392, 0.1482],
        [0.1389, 0.1443, 0.1284, 0.1435, 0.1631, 0.1424, 0.1394],
        [0.1186, 0.1342, 0.1255, 0.1508, 0.1767, 0.1354, 0.1588],
        [0.1356, 0.1466, 0.1329, 0.1373, 0.1769, 0.1336, 0.1370],
        [0.1450, 0.1490, 0.1384, 0.1461, 0.1559, 0.1359, 0.1297],
        [0.1305, 0.1490, 0.1351, 0.1436, 0.1608, 0.1350, 0.1461],
        [0.1336, 0.1425, 0.1409, 0.1493, 0.1476, 0.1352, 0.1509],
        [0.1390, 0.1488, 0.1284, 0.1415, 0.1623, 0.1409, 0.1391],
        [0.1423, 0.1454, 0.1345, 0.1433, 0.1511, 0.1403, 0.1432],
        [0.1309, 0.1422, 0.1308, 0.1528, 0.1592, 0.1350, 0.1491],
        [0.1313, 0.1408, 0.1313, 0.1551, 0.1579, 0.1400, 0.1435],
        [0.1285, 0.1411, 0.1278, 0.1607, 0.1466, 0.1485, 0.1468]])
05/24 05:47:28 PM genotype = Genotype(normal=[('sep_conv_3x3', 1), ('sep_conv_3x3', 0), ('sep_conv_5x5', 0), ('sep_conv_3x3', 2), ('sep_conv_5x5', 2), ('sep_conv_5x5', 0), ('sep_conv_3x3', 4), ('avg_pool_3x3', 1)], normal_concat=range(2, 6), reduce=[('sep_conv_5x5', 1), ('sep_conv_5x5', 0), ('sep_conv_5x5', 2), ('sep_conv_5x5', 1), ('sep_conv_5x5', 0), ('sep_conv_5x5', 2), ('sep_conv_5x5', 0), ('sep_conv_3x3', 4)], reduce_concat=range(2, 6))
05/24 05:48:23 PM train_darts 000 9.555862e-01 75.000000 95.312500
05/24 05:51:32 PM train_darts 050 8.354451e-01 71.507353 97.702206
05/24 05:54:45 PM train_darts 100 8.195080e-01 71.256188 97.803218
05/24 05:57:59 PM train_darts 150 8.106568e-01 71.399007 97.816639
