05/12 04:04:11 PM gpu device = 0
05/12 04:04:11 PM args = Namespace(data='../data', set='cifar10', batch_size=64, learning_rate=0.1, learning_rate_min=0.0, momentum=0.9, weight_decay=0.0003, report_freq=50, gpu=0, epochs=50, init_channels=16, layers=8, model_path='saved_models', cutout=False, cutout_length=16, drop_path_prob=0.3, save='../search-EXP-20250512-160410', seed=2, iterations=3, grad_clip=5, celltype='normal', resume='', train_portion=0.5, unrolled=False, arch_learning_rate=0.0006, arch_weight_decay=0.001, pop_momentum=0.0, step_size=0.1, samples=3, mon=0.4, warm_start_epochs=5)
05/12 04:04:13 PM param size = 0.299774MB
05/12 04:04:14 PM epoch 0 lr 1.000000e-01
05/12 04:04:14 PM alphas normal :
tensor([[0.1430, 0.1428, 0.1430, 0.1429, 0.1428, 0.1429, 0.1427],
        [0.1429, 0.1429, 0.1429, 0.1427, 0.1429, 0.1429, 0.1428],
        [0.1429, 0.1431, 0.1427, 0.1430, 0.1428, 0.1428, 0.1428],
        [0.1428, 0.1425, 0.1427, 0.1429, 0.1429, 0.1432, 0.1430],
        [0.1429, 0.1427, 0.1430, 0.1429, 0.1427, 0.1430, 0.1428],
        [0.1428, 0.1430, 0.1429, 0.1430, 0.1428, 0.1426, 0.1430],
        [0.1430, 0.1427, 0.1428, 0.1428, 0.1429, 0.1428, 0.1430],
        [0.1428, 0.1429, 0.1429, 0.1429, 0.1430, 0.1428, 0.1427],
        [0.1426, 0.1429, 0.1432, 0.1428, 0.1429, 0.1428, 0.1428],
        [0.1427, 0.1428, 0.1429, 0.1429, 0.1430, 0.1428, 0.1429],
        [0.1425, 0.1430, 0.1431, 0.1430, 0.1428, 0.1428, 0.1427],
        [0.1431, 0.1428, 0.1427, 0.1428, 0.1427, 0.1431, 0.1427],
        [0.1429, 0.1427, 0.1429, 0.1430, 0.1428, 0.1427, 0.1431],
        [0.1427, 0.1433, 0.1429, 0.1426, 0.1428, 0.1428, 0.1428]])
05/12 04:04:14 PM alphas reduce :
tensor([[0.1431, 0.1427, 0.1429, 0.1427, 0.1430, 0.1427, 0.1429],
        [0.1427, 0.1429, 0.1428, 0.1429, 0.1427, 0.1432, 0.1428],
        [0.1428, 0.1430, 0.1429, 0.1429, 0.1428, 0.1429, 0.1429],
        [0.1428, 0.1427, 0.1428, 0.1431, 0.1429, 0.1429, 0.1429],
        [0.1427, 0.1430, 0.1427, 0.1430, 0.1430, 0.1427, 0.1428],
        [0.1428, 0.1427, 0.1430, 0.1429, 0.1428, 0.1430, 0.1428],
        [0.1431, 0.1429, 0.1429, 0.1426, 0.1429, 0.1426, 0.1430],
        [0.1427, 0.1430, 0.1427, 0.1426, 0.1429, 0.1432, 0.1429],
        [0.1431, 0.1429, 0.1430, 0.1427, 0.1429, 0.1428, 0.1427],
        [0.1429, 0.1427, 0.1429, 0.1426, 0.1429, 0.1429, 0.1430],
        [0.1429, 0.1426, 0.1429, 0.1430, 0.1431, 0.1429, 0.1427],
        [0.1426, 0.1430, 0.1431, 0.1427, 0.1429, 0.1428, 0.1429],
        [0.1428, 0.1429, 0.1429, 0.1428, 0.1431, 0.1429, 0.1427],
        [0.1429, 0.1427, 0.1429, 0.1430, 0.1428, 0.1430, 0.1427]])
05/12 04:04:14 PM genotype = Genotype(normal=[('skip_connect', 0), ('max_pool_3x3', 1), ('dil_conv_3x3', 1), ('max_pool_3x3', 0), ('skip_connect', 3), ('dil_conv_5x5', 0), ('max_pool_3x3', 4), ('dil_conv_3x3', 2)], normal_concat=range(2, 6), reduce=[('dil_conv_3x3', 1), ('avg_pool_3x3', 0), ('sep_conv_3x3', 1), ('max_pool_3x3', 2), ('dil_conv_3x3', 2), ('avg_pool_3x3', 3), ('sep_conv_5x5', 1), ('sep_conv_5x5', 3)], reduce_concat=range(2, 6))
05/12 04:06:14 PM loss = 9.375000
05/12 04:06:14 PM alphas normal :
tensor([[0.1430, 0.1427, 0.1428, 0.1429, 0.1429, 0.1430, 0.1426],
        [0.1429, 0.1430, 0.1428, 0.1427, 0.1429, 0.1430, 0.1427],
        [0.1428, 0.1433, 0.1426, 0.1429, 0.1428, 0.1427, 0.1429],
        [0.1429, 0.1425, 0.1428, 0.1428, 0.1430, 0.1431, 0.1429],
        [0.1427, 0.1426, 0.1432, 0.1429, 0.1427, 0.1431, 0.1428],
        [0.1428, 0.1428, 0.1430, 0.1432, 0.1428, 0.1425, 0.1429],
        [0.1430, 0.1429, 0.1428, 0.1429, 0.1429, 0.1428, 0.1429],
        [0.1428, 0.1430, 0.1429, 0.1429, 0.1429, 0.1427, 0.1427],
        [0.1426, 0.1432, 0.1431, 0.1427, 0.1430, 0.1427, 0.1428],
        [0.1426, 0.1428, 0.1433, 0.1428, 0.1429, 0.1427, 0.1429],
        [0.1425, 0.1429, 0.1431, 0.1431, 0.1427, 0.1427, 0.1430],
        [0.1430, 0.1430, 0.1428, 0.1427, 0.1428, 0.1430, 0.1426],
        [0.1427, 0.1428, 0.1428, 0.1431, 0.1427, 0.1427, 0.1432],
        [0.1427, 0.1432, 0.1429, 0.1429, 0.1429, 0.1428, 0.1427]])
05/12 04:06:14 PM alphas reduce :
tensor([[0.1431, 0.1429, 0.1430, 0.1427, 0.1429, 0.1426, 0.1428],
        [0.1426, 0.1430, 0.1428, 0.1430, 0.1426, 0.1430, 0.1429],
        [0.1427, 0.1429, 0.1431, 0.1431, 0.1426, 0.1429, 0.1428],
        [0.1428, 0.1428, 0.1427, 0.1431, 0.1428, 0.1430, 0.1428],
        [0.1427, 0.1431, 0.1426, 0.1433, 0.1429, 0.1428, 0.1427],
        [0.1428, 0.1426, 0.1429, 0.1429, 0.1426, 0.1433, 0.1428],
        [0.1429, 0.1430, 0.1429, 0.1427, 0.1429, 0.1425, 0.1430],
        [0.1426, 0.1431, 0.1427, 0.1427, 0.1427, 0.1433, 0.1429],
        [0.1431, 0.1427, 0.1429, 0.1428, 0.1428, 0.1428, 0.1428],
        [0.1428, 0.1427, 0.1430, 0.1428, 0.1428, 0.1429, 0.1430],
        [0.1428, 0.1426, 0.1428, 0.1429, 0.1432, 0.1431, 0.1427],
        [0.1426, 0.1429, 0.1430, 0.1426, 0.1429, 0.1430, 0.1430],
        [0.1427, 0.1427, 0.1432, 0.1428, 0.1431, 0.1428, 0.1427],
        [0.1431, 0.1427, 0.1427, 0.1431, 0.1428, 0.1429, 0.1427]])
05/12 04:06:14 PM genotype = Genotype(normal=[('avg_pool_3x3', 0), ('max_pool_3x3', 1), ('max_pool_3x3', 0), ('skip_connect', 2), ('sep_conv_3x3', 0), ('max_pool_3x3', 3), ('skip_connect', 0), ('dil_conv_5x5', 3)], normal_concat=range(2, 6), reduce=[('avg_pool_3x3', 0), ('dil_conv_3x3', 1), ('sep_conv_3x3', 2), ('sep_conv_3x3', 1), ('dil_conv_3x3', 2), ('dil_conv_3x3', 0), ('sep_conv_5x5', 1), ('skip_connect', 3)], reduce_concat=range(2, 6))
05/12 04:06:16 PM train 000 2.506127e+00 9.375000 56.250000
05/12 04:06:56 PM train 050 2.258498e+00 19.332108 71.292892
05/12 04:07:36 PM train 100 2.141153e+00 21.828589 75.525990
05/12 04:08:14 PM train 150 2.086927e+00 22.971854 77.711093
05/12 04:08:54 PM train 200 2.026311e+00 24.681281 79.407649
05/12 04:09:34 PM train 250 1.983707e+00 26.350847 80.733317
05/12 04:10:12 PM train 300 1.941975e+00 27.720100 82.033846
05/12 04:10:49 PM train 350 1.904799e+00 29.117699 82.928241
05/12 04:11:20 PM train_acc 30.292000
05/12 04:11:21 PM valid 000 2.010330e+00 34.375000 85.937500
05/12 04:11:39 PM valid 050 1.925347e+00 32.107843 85.937500
05/12 04:11:57 PM valid 100 1.903839e+00 32.317450 86.215965
05/12 04:12:15 PM valid 150 1.919759e+00 31.767384 85.554636
05/12 04:12:33 PM valid 200 1.920825e+00 31.716418 85.408893
05/12 04:12:51 PM valid 250 1.913322e+00 31.997012 85.682271
05/12 04:13:10 PM valid 300 1.913893e+00 32.101329 85.683140
05/12 04:13:28 PM valid 350 1.914379e+00 32.113604 85.612536
05/12 04:13:43 PM valid_acc 32.444000
05/12 04:13:44 PM epoch 1 lr 9.990134e-02
05/12 04:13:44 PM alphas normal :
tensor([[0.1430, 0.1427, 0.1428, 0.1429, 0.1429, 0.1430, 0.1426],
        [0.1429, 0.1430, 0.1428, 0.1427, 0.1429, 0.1430, 0.1427],
        [0.1428, 0.1433, 0.1426, 0.1429, 0.1428, 0.1427, 0.1429],
        [0.1429, 0.1425, 0.1428, 0.1428, 0.1430, 0.1431, 0.1429],
        [0.1427, 0.1426, 0.1432, 0.1429, 0.1427, 0.1431, 0.1428],
        [0.1428, 0.1428, 0.1430, 0.1432, 0.1428, 0.1425, 0.1429],
        [0.1430, 0.1429, 0.1428, 0.1429, 0.1429, 0.1428, 0.1429],
        [0.1428, 0.1430, 0.1429, 0.1429, 0.1429, 0.1427, 0.1427],
        [0.1426, 0.1432, 0.1431, 0.1427, 0.1430, 0.1427, 0.1428],
        [0.1426, 0.1428, 0.1433, 0.1428, 0.1429, 0.1427, 0.1429],
        [0.1425, 0.1429, 0.1431, 0.1431, 0.1427, 0.1427, 0.1430],
        [0.1430, 0.1430, 0.1428, 0.1427, 0.1428, 0.1430, 0.1426],
        [0.1427, 0.1428, 0.1428, 0.1431, 0.1427, 0.1427, 0.1432],
        [0.1427, 0.1432, 0.1429, 0.1429, 0.1429, 0.1428, 0.1427]])
05/12 04:13:44 PM alphas reduce :
tensor([[0.1431, 0.1429, 0.1430, 0.1427, 0.1429, 0.1426, 0.1428],
        [0.1426, 0.1430, 0.1428, 0.1430, 0.1426, 0.1430, 0.1429],
        [0.1427, 0.1429, 0.1431, 0.1431, 0.1426, 0.1429, 0.1428],
        [0.1428, 0.1428, 0.1427, 0.1431, 0.1428, 0.1430, 0.1428],
        [0.1427, 0.1431, 0.1426, 0.1433, 0.1429, 0.1428, 0.1427],
        [0.1428, 0.1426, 0.1429, 0.1429, 0.1426, 0.1433, 0.1428],
        [0.1429, 0.1430, 0.1429, 0.1427, 0.1429, 0.1425, 0.1430],
        [0.1426, 0.1431, 0.1427, 0.1427, 0.1427, 0.1433, 0.1429],
        [0.1431, 0.1427, 0.1429, 0.1428, 0.1428, 0.1428, 0.1428],
        [0.1428, 0.1427, 0.1430, 0.1428, 0.1428, 0.1429, 0.1430],
        [0.1428, 0.1426, 0.1428, 0.1429, 0.1432, 0.1431, 0.1427],
        [0.1426, 0.1429, 0.1430, 0.1426, 0.1429, 0.1430, 0.1430],
        [0.1427, 0.1427, 0.1432, 0.1428, 0.1431, 0.1428, 0.1427],
        [0.1431, 0.1427, 0.1427, 0.1431, 0.1428, 0.1429, 0.1427]])
05/12 04:13:44 PM genotype = Genotype(normal=[('avg_pool_3x3', 0), ('max_pool_3x3', 1), ('max_pool_3x3', 0), ('skip_connect', 2), ('sep_conv_3x3', 0), ('max_pool_3x3', 3), ('skip_connect', 0), ('dil_conv_5x5', 3)], normal_concat=range(2, 6), reduce=[('avg_pool_3x3', 0), ('dil_conv_3x3', 1), ('sep_conv_3x3', 2), ('sep_conv_3x3', 1), ('dil_conv_3x3', 2), ('dil_conv_3x3', 0), ('sep_conv_5x5', 1), ('skip_connect', 3)], reduce_concat=range(2, 6))
05/12 04:15:26 PM loss = 43.750000
05/12 04:15:26 PM alphas normal :
tensor([[0.1431, 0.1426, 0.1429, 0.1428, 0.1429, 0.1431, 0.1426],
        [0.1429, 0.1430, 0.1428, 0.1428, 0.1429, 0.1429, 0.1427],
        [0.1428, 0.1434, 0.1425, 0.1430, 0.1428, 0.1427, 0.1428],
        [0.1429, 0.1426, 0.1428, 0.1427, 0.1431, 0.1432, 0.1428],
        [0.1428, 0.1427, 0.1431, 0.1428, 0.1426, 0.1431, 0.1429],
        [0.1428, 0.1428, 0.1429, 0.1434, 0.1429, 0.1425, 0.1428],
        [0.1431, 0.1428, 0.1427, 0.1431, 0.1429, 0.1426, 0.1428],
        [0.1427, 0.1429, 0.1430, 0.1430, 0.1429, 0.1430, 0.1426],
        [0.1427, 0.1431, 0.1431, 0.1428, 0.1429, 0.1427, 0.1427],
        [0.1426, 0.1428, 0.1434, 0.1427, 0.1429, 0.1428, 0.1427],
        [0.1424, 0.1430, 0.1431, 0.1432, 0.1426, 0.1428, 0.1430],
        [0.1430, 0.1430, 0.1427, 0.1426, 0.1430, 0.1430, 0.1427],
        [0.1428, 0.1428, 0.1428, 0.1431, 0.1425, 0.1427, 0.1433],
        [0.1428, 0.1433, 0.1428, 0.1428, 0.1429, 0.1427, 0.1427]])
05/12 04:15:26 PM alphas reduce :
tensor([[0.1431, 0.1428, 0.1429, 0.1427, 0.1428, 0.1429, 0.1428],
        [0.1426, 0.1432, 0.1428, 0.1429, 0.1425, 0.1431, 0.1429],
        [0.1425, 0.1431, 0.1430, 0.1430, 0.1427, 0.1428, 0.1428],
        [0.1427, 0.1427, 0.1427, 0.1433, 0.1429, 0.1430, 0.1426],
        [0.1426, 0.1431, 0.1427, 0.1431, 0.1429, 0.1427, 0.1429],
        [0.1430, 0.1427, 0.1428, 0.1429, 0.1426, 0.1433, 0.1427],
        [0.1430, 0.1432, 0.1428, 0.1426, 0.1428, 0.1425, 0.1430],
        [0.1427, 0.1430, 0.1427, 0.1428, 0.1426, 0.1433, 0.1429],
        [0.1431, 0.1426, 0.1429, 0.1428, 0.1430, 0.1427, 0.1428],
        [0.1427, 0.1427, 0.1429, 0.1427, 0.1428, 0.1432, 0.1431],
        [0.1428, 0.1424, 0.1428, 0.1429, 0.1432, 0.1434, 0.1426],
        [0.1425, 0.1429, 0.1429, 0.1426, 0.1429, 0.1431, 0.1432],
        [0.1427, 0.1426, 0.1432, 0.1431, 0.1430, 0.1428, 0.1426],
        [0.1433, 0.1426, 0.1427, 0.1430, 0.1428, 0.1428, 0.1429]])
05/12 04:15:26 PM genotype = Genotype(normal=[('dil_conv_3x3', 0), ('max_pool_3x3', 1), ('max_pool_3x3', 0), ('dil_conv_3x3', 1), ('sep_conv_3x3', 0), ('skip_connect', 3), ('skip_connect', 0), ('max_pool_3x3', 4)], normal_concat=range(2, 6), reduce=[('max_pool_3x3', 1), ('avg_pool_3x3', 0), ('sep_conv_3x3', 1), ('max_pool_3x3', 0), ('dil_conv_3x3', 2), ('dil_conv_3x3', 0), ('dil_conv_3x3', 1), ('avg_pool_3x3', 4)], reduce_concat=range(2, 6))
05/12 04:15:27 PM train 000 1.492623e+00 39.062500 93.750000
05/12 04:16:05 PM train 050 1.561183e+00 42.401961 90.716912
05/12 04:16:45 PM train 100 1.560921e+00 42.481436 90.655941
05/12 04:17:26 PM train 150 1.544590e+00 43.056705 90.738825
05/12 04:18:05 PM train 200 1.530523e+00 43.586754 91.091418
05/12 04:18:45 PM train 250 1.514473e+00 43.974104 91.272410
05/12 04:19:23 PM train 300 1.501326e+00 44.440407 91.471138
05/12 04:20:03 PM train 350 1.484899e+00 44.943020 91.800214
05/12 04:20:35 PM train_acc 45.248000
05/12 04:20:36 PM valid 000 1.493558e+00 45.312500 89.062500
05/12 04:20:55 PM valid 050 1.693753e+00 40.379902 86.703431
05/12 04:21:15 PM valid 100 1.714026e+00 39.665842 86.463490
05/12 04:21:34 PM valid 150 1.720939e+00 39.755795 86.434189
05/12 04:21:53 PM valid 200 1.713145e+00 39.824316 86.675995
05/12 04:22:12 PM valid 250 1.709551e+00 39.753486 86.696962
05/12 04:22:31 PM valid 300 1.713139e+00 39.700997 86.607143
05/12 04:22:50 PM valid 350 1.715248e+00 39.636752 86.493946
05/12 04:23:05 PM valid_acc 39.552000
05/12 04:23:06 PM epoch 2 lr 9.960574e-02
05/12 04:23:06 PM alphas normal :
tensor([[0.1431, 0.1426, 0.1429, 0.1428, 0.1429, 0.1431, 0.1426],
        [0.1429, 0.1430, 0.1428, 0.1428, 0.1429, 0.1429, 0.1427],
        [0.1428, 0.1434, 0.1425, 0.1430, 0.1428, 0.1427, 0.1428],
        [0.1429, 0.1426, 0.1428, 0.1427, 0.1431, 0.1432, 0.1428],
        [0.1428, 0.1427, 0.1431, 0.1428, 0.1426, 0.1431, 0.1429],
        [0.1428, 0.1428, 0.1429, 0.1434, 0.1429, 0.1425, 0.1428],
        [0.1431, 0.1428, 0.1427, 0.1431, 0.1429, 0.1426, 0.1428],
        [0.1427, 0.1429, 0.1430, 0.1430, 0.1429, 0.1430, 0.1426],
        [0.1427, 0.1431, 0.1431, 0.1428, 0.1429, 0.1427, 0.1427],
        [0.1426, 0.1428, 0.1434, 0.1427, 0.1429, 0.1428, 0.1427],
        [0.1424, 0.1430, 0.1431, 0.1432, 0.1426, 0.1428, 0.1430],
        [0.1430, 0.1430, 0.1427, 0.1426, 0.1430, 0.1430, 0.1427],
        [0.1428, 0.1428, 0.1428, 0.1431, 0.1425, 0.1427, 0.1433],
        [0.1428, 0.1433, 0.1428, 0.1428, 0.1429, 0.1427, 0.1427]])
05/12 04:23:06 PM alphas reduce :
tensor([[0.1431, 0.1428, 0.1429, 0.1427, 0.1428, 0.1429, 0.1428],
        [0.1426, 0.1432, 0.1428, 0.1429, 0.1425, 0.1431, 0.1429],
        [0.1425, 0.1431, 0.1430, 0.1430, 0.1427, 0.1428, 0.1428],
        [0.1427, 0.1427, 0.1427, 0.1433, 0.1429, 0.1430, 0.1426],
        [0.1426, 0.1431, 0.1427, 0.1431, 0.1429, 0.1427, 0.1429],
        [0.1430, 0.1427, 0.1428, 0.1429, 0.1426, 0.1433, 0.1427],
        [0.1430, 0.1432, 0.1428, 0.1426, 0.1428, 0.1425, 0.1430],
        [0.1427, 0.1430, 0.1427, 0.1428, 0.1426, 0.1433, 0.1429],
        [0.1431, 0.1426, 0.1429, 0.1428, 0.1430, 0.1427, 0.1428],
        [0.1427, 0.1427, 0.1429, 0.1427, 0.1428, 0.1432, 0.1431],
        [0.1428, 0.1424, 0.1428, 0.1429, 0.1432, 0.1434, 0.1426],
        [0.1425, 0.1429, 0.1429, 0.1426, 0.1429, 0.1431, 0.1432],
        [0.1427, 0.1426, 0.1432, 0.1431, 0.1430, 0.1428, 0.1426],
        [0.1433, 0.1426, 0.1427, 0.1430, 0.1428, 0.1428, 0.1429]])
05/12 04:23:06 PM genotype = Genotype(normal=[('dil_conv_3x3', 0), ('max_pool_3x3', 1), ('max_pool_3x3', 0), ('dil_conv_3x3', 1), ('sep_conv_3x3', 0), ('skip_connect', 3), ('skip_connect', 0), ('max_pool_3x3', 4)], normal_concat=range(2, 6), reduce=[('max_pool_3x3', 1), ('avg_pool_3x3', 0), ('sep_conv_3x3', 1), ('max_pool_3x3', 0), ('dil_conv_3x3', 2), ('dil_conv_3x3', 0), ('dil_conv_3x3', 1), ('avg_pool_3x3', 4)], reduce_concat=range(2, 6))
05/12 04:24:52 PM loss = 46.875000
05/12 04:24:52 PM alphas normal :
tensor([[0.1430, 0.1426, 0.1430, 0.1428, 0.1428, 0.1434, 0.1424],
        [0.1430, 0.1430, 0.1427, 0.1427, 0.1427, 0.1430, 0.1428],
        [0.1428, 0.1435, 0.1424, 0.1430, 0.1427, 0.1429, 0.1428],
        [0.1428, 0.1425, 0.1427, 0.1428, 0.1429, 0.1433, 0.1429],
        [0.1429, 0.1427, 0.1432, 0.1428, 0.1426, 0.1432, 0.1428],
        [0.1427, 0.1429, 0.1431, 0.1432, 0.1429, 0.1424, 0.1428],
        [0.1430, 0.1428, 0.1426, 0.1431, 0.1430, 0.1425, 0.1429],
        [0.1427, 0.1430, 0.1431, 0.1430, 0.1429, 0.1428, 0.1425],
        [0.1427, 0.1431, 0.1430, 0.1426, 0.1429, 0.1428, 0.1429],
        [0.1427, 0.1428, 0.1433, 0.1427, 0.1428, 0.1427, 0.1429],
        [0.1425, 0.1429, 0.1432, 0.1432, 0.1426, 0.1426, 0.1430],
        [0.1430, 0.1430, 0.1427, 0.1425, 0.1429, 0.1431, 0.1428],
        [0.1428, 0.1427, 0.1428, 0.1431, 0.1424, 0.1429, 0.1433],
        [0.1428, 0.1434, 0.1429, 0.1427, 0.1430, 0.1426, 0.1425]])
05/12 04:24:52 PM alphas reduce :
tensor([[0.1431, 0.1427, 0.1428, 0.1430, 0.1428, 0.1428, 0.1427],
        [0.1425, 0.1431, 0.1427, 0.1433, 0.1424, 0.1431, 0.1428],
        [0.1424, 0.1430, 0.1430, 0.1431, 0.1428, 0.1429, 0.1427],
        [0.1428, 0.1428, 0.1428, 0.1432, 0.1429, 0.1430, 0.1426],
        [0.1426, 0.1431, 0.1426, 0.1432, 0.1430, 0.1427, 0.1428],
        [0.1430, 0.1429, 0.1427, 0.1430, 0.1425, 0.1433, 0.1425],
        [0.1429, 0.1434, 0.1428, 0.1427, 0.1426, 0.1424, 0.1430],
        [0.1426, 0.1430, 0.1426, 0.1430, 0.1427, 0.1432, 0.1429],
        [0.1431, 0.1428, 0.1430, 0.1427, 0.1429, 0.1428, 0.1427],
        [0.1428, 0.1426, 0.1430, 0.1428, 0.1428, 0.1430, 0.1430],
        [0.1428, 0.1424, 0.1427, 0.1429, 0.1432, 0.1434, 0.1426],
        [0.1426, 0.1429, 0.1429, 0.1426, 0.1427, 0.1432, 0.1432],
        [0.1428, 0.1427, 0.1433, 0.1430, 0.1430, 0.1428, 0.1425],
        [0.1432, 0.1426, 0.1429, 0.1428, 0.1429, 0.1428, 0.1429]])
05/12 04:24:52 PM genotype = Genotype(normal=[('dil_conv_3x3', 0), ('avg_pool_3x3', 1), ('max_pool_3x3', 0), ('dil_conv_3x3', 1), ('sep_conv_3x3', 0), ('max_pool_3x3', 3), ('max_pool_3x3', 4), ('skip_connect', 0)], normal_concat=range(2, 6), reduce=[('sep_conv_3x3', 1), ('avg_pool_3x3', 0), ('sep_conv_3x3', 2), ('sep_conv_3x3', 1), ('max_pool_3x3', 1), ('dil_conv_3x3', 0), ('dil_conv_3x3', 1), ('skip_connect', 3)], reduce_concat=range(2, 6))
05/12 04:24:53 PM train 000 1.568355e+00 40.625000 85.937500
05/12 04:25:35 PM train 050 1.348822e+00 50.735294 93.229167
05/12 04:26:17 PM train 100 1.353378e+00 50.773515 93.394183
05/12 04:27:00 PM train 150 1.349452e+00 51.076159 93.480960
05/12 04:27:42 PM train 200 1.347721e+00 51.026119 93.485697
05/12 04:28:25 PM train 250 1.343899e+00 51.369522 93.525896
05/12 04:29:08 PM train 300 1.342119e+00 51.396387 93.511213
05/12 04:29:51 PM train 350 1.333143e+00 51.638177 93.634259
05/12 04:30:26 PM train_acc 52.044000
05/12 04:30:27 PM valid 000 1.497733e+00 51.562500 85.937500
05/12 04:30:47 PM valid 050 1.494766e+00 49.877451 91.544118
05/12 04:31:07 PM valid 100 1.481960e+00 50.123762 91.986386
05/12 04:31:27 PM valid 150 1.477298e+00 49.948262 92.311672
05/12 04:31:47 PM valid 200 1.482227e+00 49.813433 92.226368
05/12 04:32:06 PM valid 250 1.484825e+00 49.831922 92.231076
05/12 04:32:25 PM valid 300 1.486427e+00 49.647010 92.265365
05/12 04:32:45 PM valid 350 1.484097e+00 49.813034 92.276531
05/12 04:33:01 PM valid_acc 49.876000
05/12 04:33:01 PM epoch 3 lr 9.911436e-02
05/12 04:33:01 PM alphas normal :
tensor([[0.1430, 0.1426, 0.1430, 0.1428, 0.1428, 0.1434, 0.1424],
        [0.1430, 0.1430, 0.1427, 0.1427, 0.1427, 0.1430, 0.1428],
        [0.1428, 0.1435, 0.1424, 0.1430, 0.1427, 0.1429, 0.1428],
        [0.1428, 0.1425, 0.1427, 0.1428, 0.1429, 0.1433, 0.1429],
        [0.1429, 0.1427, 0.1432, 0.1428, 0.1426, 0.1432, 0.1428],
        [0.1427, 0.1429, 0.1431, 0.1432, 0.1429, 0.1424, 0.1428],
        [0.1430, 0.1428, 0.1426, 0.1431, 0.1430, 0.1425, 0.1429],
        [0.1427, 0.1430, 0.1431, 0.1430, 0.1429, 0.1428, 0.1425],
        [0.1427, 0.1431, 0.1430, 0.1426, 0.1429, 0.1428, 0.1429],
        [0.1427, 0.1428, 0.1433, 0.1427, 0.1428, 0.1427, 0.1429],
        [0.1425, 0.1429, 0.1432, 0.1432, 0.1426, 0.1426, 0.1430],
        [0.1430, 0.1430, 0.1427, 0.1425, 0.1429, 0.1431, 0.1428],
        [0.1428, 0.1427, 0.1428, 0.1431, 0.1424, 0.1429, 0.1433],
        [0.1428, 0.1434, 0.1429, 0.1427, 0.1430, 0.1426, 0.1425]])
05/12 04:33:01 PM alphas reduce :
tensor([[0.1431, 0.1427, 0.1428, 0.1430, 0.1428, 0.1428, 0.1427],
        [0.1425, 0.1431, 0.1427, 0.1433, 0.1424, 0.1431, 0.1428],
        [0.1424, 0.1430, 0.1430, 0.1431, 0.1428, 0.1429, 0.1427],
        [0.1428, 0.1428, 0.1428, 0.1432, 0.1429, 0.1430, 0.1426],
        [0.1426, 0.1431, 0.1426, 0.1432, 0.1430, 0.1427, 0.1428],
        [0.1430, 0.1429, 0.1427, 0.1430, 0.1425, 0.1433, 0.1425],
        [0.1429, 0.1434, 0.1428, 0.1427, 0.1426, 0.1424, 0.1430],
        [0.1426, 0.1430, 0.1426, 0.1430, 0.1427, 0.1432, 0.1429],
        [0.1431, 0.1428, 0.1430, 0.1427, 0.1429, 0.1428, 0.1427],
        [0.1428, 0.1426, 0.1430, 0.1428, 0.1428, 0.1430, 0.1430],
        [0.1428, 0.1424, 0.1427, 0.1429, 0.1432, 0.1434, 0.1426],
        [0.1426, 0.1429, 0.1429, 0.1426, 0.1427, 0.1432, 0.1432],
        [0.1428, 0.1427, 0.1433, 0.1430, 0.1430, 0.1428, 0.1425],
        [0.1432, 0.1426, 0.1429, 0.1428, 0.1429, 0.1428, 0.1429]])
05/12 04:33:01 PM genotype = Genotype(normal=[('dil_conv_3x3', 0), ('avg_pool_3x3', 1), ('max_pool_3x3', 0), ('dil_conv_3x3', 1), ('sep_conv_3x3', 0), ('max_pool_3x3', 3), ('max_pool_3x3', 4), ('skip_connect', 0)], normal_concat=range(2, 6), reduce=[('sep_conv_3x3', 1), ('avg_pool_3x3', 0), ('sep_conv_3x3', 2), ('sep_conv_3x3', 1), ('max_pool_3x3', 1), ('dil_conv_3x3', 0), ('dil_conv_3x3', 1), ('skip_connect', 3)], reduce_concat=range(2, 6))
05/12 04:34:49 PM loss = 53.125000
05/12 04:34:49 PM alphas normal :
tensor([[0.1430, 0.1427, 0.1430, 0.1427, 0.1429, 0.1432, 0.1425],
        [0.1431, 0.1430, 0.1426, 0.1428, 0.1428, 0.1431, 0.1427],
        [0.1426, 0.1435, 0.1423, 0.1431, 0.1428, 0.1429, 0.1429],
        [0.1428, 0.1424, 0.1427, 0.1427, 0.1431, 0.1434, 0.1428],
        [0.1428, 0.1425, 0.1431, 0.1430, 0.1425, 0.1432, 0.1428],
        [0.1428, 0.1431, 0.1430, 0.1433, 0.1428, 0.1423, 0.1428],
        [0.1430, 0.1427, 0.1426, 0.1430, 0.1430, 0.1425, 0.1432],
        [0.1426, 0.1430, 0.1434, 0.1429, 0.1430, 0.1428, 0.1424],
        [0.1426, 0.1433, 0.1429, 0.1428, 0.1429, 0.1426, 0.1429],
        [0.1430, 0.1428, 0.1432, 0.1427, 0.1428, 0.1426, 0.1429],
        [0.1424, 0.1430, 0.1433, 0.1432, 0.1425, 0.1425, 0.1430],
        [0.1429, 0.1432, 0.1425, 0.1427, 0.1429, 0.1430, 0.1427],
        [0.1429, 0.1428, 0.1429, 0.1430, 0.1423, 0.1429, 0.1431],
        [0.1427, 0.1433, 0.1431, 0.1427, 0.1430, 0.1425, 0.1427]])
05/12 04:34:49 PM alphas reduce :
tensor([[0.1430, 0.1426, 0.1428, 0.1429, 0.1429, 0.1428, 0.1429],
        [0.1425, 0.1434, 0.1427, 0.1433, 0.1423, 0.1430, 0.1427],
        [0.1424, 0.1430, 0.1433, 0.1431, 0.1428, 0.1427, 0.1427],
        [0.1428, 0.1431, 0.1427, 0.1431, 0.1428, 0.1431, 0.1425],
        [0.1428, 0.1430, 0.1425, 0.1431, 0.1431, 0.1426, 0.1429],
        [0.1431, 0.1428, 0.1428, 0.1431, 0.1424, 0.1433, 0.1426],
        [0.1430, 0.1435, 0.1429, 0.1426, 0.1426, 0.1423, 0.1430],
        [0.1426, 0.1429, 0.1426, 0.1429, 0.1428, 0.1434, 0.1429],
        [0.1431, 0.1428, 0.1431, 0.1428, 0.1428, 0.1427, 0.1428],
        [0.1428, 0.1425, 0.1429, 0.1428, 0.1427, 0.1432, 0.1432],
        [0.1429, 0.1424, 0.1427, 0.1430, 0.1431, 0.1433, 0.1426],
        [0.1425, 0.1428, 0.1428, 0.1424, 0.1429, 0.1434, 0.1431],
        [0.1428, 0.1427, 0.1433, 0.1430, 0.1431, 0.1426, 0.1425],
        [0.1433, 0.1424, 0.1430, 0.1429, 0.1428, 0.1428, 0.1429]])
05/12 04:34:49 PM genotype = Genotype(normal=[('dil_conv_3x3', 0), ('dil_conv_3x3', 1), ('max_pool_3x3', 0), ('dil_conv_3x3', 1), ('skip_connect', 2), ('max_pool_3x3', 3), ('max_pool_3x3', 4), ('skip_connect', 1)], normal_concat=range(2, 6), reduce=[('max_pool_3x3', 1), ('avg_pool_3x3', 0), ('skip_connect', 0), ('sep_conv_3x3', 1), ('max_pool_3x3', 1), ('dil_conv_3x3', 2), ('dil_conv_3x3', 2), ('skip_connect', 3)], reduce_concat=range(2, 6))
05/12 04:34:50 PM train 000 1.094760e+00 59.375000 96.875000
05/12 04:35:33 PM train 050 1.273631e+00 54.473039 94.240196
05/12 04:36:16 PM train 100 1.242982e+00 55.631188 94.538985
05/12 04:37:00 PM train 150 1.234224e+00 55.153146 94.681291
05/12 04:37:43 PM train 200 1.225141e+00 55.589241 94.791667
05/12 04:38:26 PM train 250 1.218842e+00 55.864044 94.938994
05/12 04:39:08 PM train 300 1.218176e+00 55.938538 94.959510
05/12 04:39:52 PM train 350 1.212529e+00 56.031873 95.009793
05/12 04:40:26 PM train_acc 56.404000
05/12 04:40:27 PM valid 000 1.302867e+00 51.562500 95.312500
05/12 04:40:47 PM valid 050 1.211827e+00 56.158088 95.465686
05/12 04:41:06 PM valid 100 1.210133e+00 56.621287 95.173267
05/12 04:41:29 PM valid 150 1.199392e+00 56.829470 95.074503
05/12 04:41:50 PM valid 200 1.190616e+00 57.245025 94.962687
05/12 04:42:10 PM valid 250 1.202939e+00 56.779133 94.907869
05/12 04:42:29 PM valid 300 1.202321e+00 56.691238 95.032184
05/12 04:42:49 PM valid 350 1.198212e+00 56.899929 95.112179
05/12 04:43:04 PM valid_acc 56.948000
05/12 04:43:04 PM epoch 4 lr 9.842916e-02
05/12 04:43:04 PM alphas normal :
tensor([[0.1430, 0.1427, 0.1430, 0.1427, 0.1429, 0.1432, 0.1425],
        [0.1431, 0.1430, 0.1426, 0.1428, 0.1428, 0.1431, 0.1427],
        [0.1426, 0.1435, 0.1423, 0.1431, 0.1428, 0.1429, 0.1429],
        [0.1428, 0.1424, 0.1427, 0.1427, 0.1431, 0.1434, 0.1428],
        [0.1428, 0.1425, 0.1431, 0.1430, 0.1425, 0.1432, 0.1428],
        [0.1428, 0.1431, 0.1430, 0.1433, 0.1428, 0.1423, 0.1428],
        [0.1430, 0.1427, 0.1426, 0.1430, 0.1430, 0.1425, 0.1432],
        [0.1426, 0.1430, 0.1434, 0.1429, 0.1430, 0.1428, 0.1424],
        [0.1426, 0.1433, 0.1429, 0.1428, 0.1429, 0.1426, 0.1429],
        [0.1430, 0.1428, 0.1432, 0.1427, 0.1428, 0.1426, 0.1429],
        [0.1424, 0.1430, 0.1433, 0.1432, 0.1425, 0.1425, 0.1430],
        [0.1429, 0.1432, 0.1425, 0.1427, 0.1429, 0.1430, 0.1427],
        [0.1429, 0.1428, 0.1429, 0.1430, 0.1423, 0.1429, 0.1431],
        [0.1427, 0.1433, 0.1431, 0.1427, 0.1430, 0.1425, 0.1427]])
05/12 04:43:04 PM alphas reduce :
tensor([[0.1430, 0.1426, 0.1428, 0.1429, 0.1429, 0.1428, 0.1429],
        [0.1425, 0.1434, 0.1427, 0.1433, 0.1423, 0.1430, 0.1427],
        [0.1424, 0.1430, 0.1433, 0.1431, 0.1428, 0.1427, 0.1427],
        [0.1428, 0.1431, 0.1427, 0.1431, 0.1428, 0.1431, 0.1425],
        [0.1428, 0.1430, 0.1425, 0.1431, 0.1431, 0.1426, 0.1429],
        [0.1431, 0.1428, 0.1428, 0.1431, 0.1424, 0.1433, 0.1426],
        [0.1430, 0.1435, 0.1429, 0.1426, 0.1426, 0.1423, 0.1430],
        [0.1426, 0.1429, 0.1426, 0.1429, 0.1428, 0.1434, 0.1429],
        [0.1431, 0.1428, 0.1431, 0.1428, 0.1428, 0.1427, 0.1428],
        [0.1428, 0.1425, 0.1429, 0.1428, 0.1427, 0.1432, 0.1432],
        [0.1429, 0.1424, 0.1427, 0.1430, 0.1431, 0.1433, 0.1426],
        [0.1425, 0.1428, 0.1428, 0.1424, 0.1429, 0.1434, 0.1431],
        [0.1428, 0.1427, 0.1433, 0.1430, 0.1431, 0.1426, 0.1425],
        [0.1433, 0.1424, 0.1430, 0.1429, 0.1428, 0.1428, 0.1429]])
05/12 04:43:04 PM genotype = Genotype(normal=[('dil_conv_3x3', 0), ('dil_conv_3x3', 1), ('max_pool_3x3', 0), ('dil_conv_3x3', 1), ('skip_connect', 2), ('max_pool_3x3', 3), ('max_pool_3x3', 4), ('skip_connect', 1)], normal_concat=range(2, 6), reduce=[('max_pool_3x3', 1), ('avg_pool_3x3', 0), ('skip_connect', 0), ('sep_conv_3x3', 1), ('max_pool_3x3', 1), ('dil_conv_3x3', 2), ('dil_conv_3x3', 2), ('skip_connect', 3)], reduce_concat=range(2, 6))
05/12 04:44:46 PM loss = 34.375000
05/12 04:44:46 PM alphas normal :
tensor([[0.1431, 0.1426, 0.1429, 0.1427, 0.1429, 0.1434, 0.1424],
        [0.1430, 0.1429, 0.1426, 0.1427, 0.1430, 0.1430, 0.1428],
        [0.1426, 0.1436, 0.1423, 0.1430, 0.1427, 0.1429, 0.1429],
        [0.1426, 0.1425, 0.1427, 0.1427, 0.1431, 0.1434, 0.1429],
        [0.1428, 0.1427, 0.1430, 0.1429, 0.1427, 0.1431, 0.1428],
        [0.1429, 0.1431, 0.1429, 0.1432, 0.1427, 0.1423, 0.1429],
        [0.1431, 0.1426, 0.1424, 0.1430, 0.1430, 0.1425, 0.1433],
        [0.1424, 0.1429, 0.1436, 0.1429, 0.1429, 0.1428, 0.1425],
        [0.1425, 0.1432, 0.1429, 0.1427, 0.1430, 0.1428, 0.1428],
        [0.1430, 0.1428, 0.1435, 0.1427, 0.1428, 0.1425, 0.1428],
        [0.1425, 0.1430, 0.1431, 0.1433, 0.1424, 0.1427, 0.1429],
        [0.1429, 0.1431, 0.1427, 0.1427, 0.1428, 0.1429, 0.1428],
        [0.1429, 0.1429, 0.1428, 0.1430, 0.1423, 0.1429, 0.1432],
        [0.1427, 0.1433, 0.1432, 0.1428, 0.1430, 0.1424, 0.1426]])
05/12 04:44:46 PM alphas reduce :
tensor([[0.1430, 0.1425, 0.1428, 0.1428, 0.1429, 0.1431, 0.1429],
        [0.1428, 0.1433, 0.1426, 0.1432, 0.1422, 0.1430, 0.1428],
        [0.1423, 0.1430, 0.1436, 0.1430, 0.1427, 0.1427, 0.1426],
        [0.1428, 0.1430, 0.1425, 0.1430, 0.1430, 0.1432, 0.1425],
        [0.1428, 0.1430, 0.1424, 0.1432, 0.1432, 0.1427, 0.1428],
        [0.1431, 0.1426, 0.1428, 0.1432, 0.1426, 0.1432, 0.1425],
        [0.1430, 0.1435, 0.1430, 0.1425, 0.1428, 0.1422, 0.1430],
        [0.1424, 0.1430, 0.1425, 0.1429, 0.1428, 0.1436, 0.1428],
        [0.1430, 0.1431, 0.1430, 0.1428, 0.1427, 0.1427, 0.1427],
        [0.1431, 0.1424, 0.1427, 0.1428, 0.1427, 0.1433, 0.1431],
        [0.1430, 0.1423, 0.1427, 0.1431, 0.1431, 0.1433, 0.1426],
        [0.1427, 0.1427, 0.1428, 0.1425, 0.1430, 0.1434, 0.1430],
        [0.1427, 0.1426, 0.1432, 0.1429, 0.1431, 0.1429, 0.1425],
        [0.1433, 0.1424, 0.1429, 0.1430, 0.1428, 0.1427, 0.1428]])
05/12 04:44:46 PM genotype = Genotype(normal=[('dil_conv_3x3', 0), ('sep_conv_5x5', 1), ('max_pool_3x3', 0), ('dil_conv_3x3', 1), ('skip_connect', 2), ('dil_conv_5x5', 1), ('skip_connect', 0), ('max_pool_3x3', 4)], normal_concat=range(2, 6), reduce=[('max_pool_3x3', 1), ('dil_conv_3x3', 0), ('skip_connect', 0), ('sep_conv_3x3', 2), ('dil_conv_3x3', 2), ('max_pool_3x3', 1), ('dil_conv_3x3', 2), ('avg_pool_3x3', 4)], reduce_concat=range(2, 6))
05/12 04:44:46 PM train 000 1.068494e+00 64.062500 95.312500
05/12 04:45:25 PM train 050 1.099480e+00 60.814951 95.710784
05/12 04:46:03 PM train 100 1.106795e+00 60.782797 95.931312
05/12 04:46:42 PM train 150 1.120008e+00 60.026904 96.016142
05/12 04:47:20 PM train 200 1.127474e+00 59.592662 95.825560
05/12 04:47:59 PM train 250 1.124543e+00 59.642679 95.810508
05/12 04:48:38 PM train 300 1.123854e+00 59.665698 95.883513
05/12 04:49:16 PM train 350 1.119016e+00 59.993768 95.842236
05/12 04:49:47 PM train_acc 59.928000
05/12 04:49:47 PM valid 000 1.396579e+00 50.000000 90.625000
05/12 04:50:06 PM valid 050 1.386598e+00 53.523284 93.841912
05/12 04:50:25 PM valid 100 1.365593e+00 54.161510 94.074876
05/12 04:50:43 PM valid 150 1.361735e+00 53.745861 93.925911
05/12 04:51:02 PM valid 200 1.384797e+00 52.985075 93.843284
05/12 04:51:21 PM valid 250 1.387099e+00 52.689243 93.980329
05/12 04:51:39 PM valid 300 1.383947e+00 52.481312 94.123754
05/12 04:51:58 PM valid 350 1.386810e+00 52.390491 94.057158
05/12 04:52:13 PM valid_acc 52.520000
05/12 04:52:13 PM epoch 5 lr 9.755283e-02
05/12 04:52:13 PM alphas normal :
tensor([[0.1431, 0.1426, 0.1429, 0.1427, 0.1429, 0.1434, 0.1424],
        [0.1430, 0.1429, 0.1426, 0.1427, 0.1430, 0.1430, 0.1428],
        [0.1426, 0.1436, 0.1423, 0.1430, 0.1427, 0.1429, 0.1429],
        [0.1426, 0.1425, 0.1427, 0.1427, 0.1431, 0.1434, 0.1429],
        [0.1428, 0.1427, 0.1430, 0.1429, 0.1427, 0.1431, 0.1428],
        [0.1429, 0.1431, 0.1429, 0.1432, 0.1427, 0.1423, 0.1429],
        [0.1431, 0.1426, 0.1424, 0.1430, 0.1430, 0.1425, 0.1433],
        [0.1424, 0.1429, 0.1436, 0.1429, 0.1429, 0.1428, 0.1425],
        [0.1425, 0.1432, 0.1429, 0.1427, 0.1430, 0.1428, 0.1428],
        [0.1430, 0.1428, 0.1435, 0.1427, 0.1428, 0.1425, 0.1428],
        [0.1425, 0.1430, 0.1431, 0.1433, 0.1424, 0.1427, 0.1429],
        [0.1429, 0.1431, 0.1427, 0.1427, 0.1428, 0.1429, 0.1428],
        [0.1429, 0.1429, 0.1428, 0.1430, 0.1423, 0.1429, 0.1432],
        [0.1427, 0.1433, 0.1432, 0.1428, 0.1430, 0.1424, 0.1426]])
05/12 04:52:13 PM alphas reduce :
tensor([[0.1430, 0.1425, 0.1428, 0.1428, 0.1429, 0.1431, 0.1429],
        [0.1428, 0.1433, 0.1426, 0.1432, 0.1422, 0.1430, 0.1428],
        [0.1423, 0.1430, 0.1436, 0.1430, 0.1427, 0.1427, 0.1426],
        [0.1428, 0.1430, 0.1425, 0.1430, 0.1430, 0.1432, 0.1425],
        [0.1428, 0.1430, 0.1424, 0.1432, 0.1432, 0.1427, 0.1428],
        [0.1431, 0.1426, 0.1428, 0.1432, 0.1426, 0.1432, 0.1425],
        [0.1430, 0.1435, 0.1430, 0.1425, 0.1428, 0.1422, 0.1430],
        [0.1424, 0.1430, 0.1425, 0.1429, 0.1428, 0.1436, 0.1428],
        [0.1430, 0.1431, 0.1430, 0.1428, 0.1427, 0.1427, 0.1427],
        [0.1431, 0.1424, 0.1427, 0.1428, 0.1427, 0.1433, 0.1431],
        [0.1430, 0.1423, 0.1427, 0.1431, 0.1431, 0.1433, 0.1426],
        [0.1427, 0.1427, 0.1428, 0.1425, 0.1430, 0.1434, 0.1430],
        [0.1427, 0.1426, 0.1432, 0.1429, 0.1431, 0.1429, 0.1425],
        [0.1433, 0.1424, 0.1429, 0.1430, 0.1428, 0.1427, 0.1428]])
05/12 04:52:13 PM genotype = Genotype(normal=[('dil_conv_3x3', 0), ('sep_conv_5x5', 1), ('max_pool_3x3', 0), ('dil_conv_3x3', 1), ('skip_connect', 2), ('dil_conv_5x5', 1), ('skip_connect', 0), ('max_pool_3x3', 4)], normal_concat=range(2, 6), reduce=[('max_pool_3x3', 1), ('dil_conv_3x3', 0), ('skip_connect', 0), ('sep_conv_3x3', 2), ('dil_conv_3x3', 2), ('max_pool_3x3', 1), ('dil_conv_3x3', 2), ('avg_pool_3x3', 4)], reduce_concat=range(2, 6))
05/12 04:53:54 PM loss = 71.875000
05/12 04:53:54 PM alphas normal :
tensor([[0.1430, 0.1426, 0.1428, 0.1428, 0.1428, 0.1435, 0.1424],
        [0.1432, 0.1427, 0.1426, 0.1427, 0.1431, 0.1429, 0.1427],
        [0.1425, 0.1435, 0.1423, 0.1431, 0.1427, 0.1430, 0.1430],
        [0.1427, 0.1424, 0.1427, 0.1427, 0.1433, 0.1435, 0.1428],
        [0.1428, 0.1428, 0.1429, 0.1428, 0.1429, 0.1430, 0.1427],
        [0.1429, 0.1430, 0.1428, 0.1433, 0.1428, 0.1424, 0.1428],
        [0.1432, 0.1425, 0.1424, 0.1430, 0.1430, 0.1426, 0.1433],
        [0.1423, 0.1428, 0.1437, 0.1429, 0.1429, 0.1427, 0.1426],
        [0.1424, 0.1434, 0.1428, 0.1428, 0.1430, 0.1427, 0.1429],
        [0.1429, 0.1427, 0.1438, 0.1426, 0.1427, 0.1425, 0.1427],
        [0.1426, 0.1430, 0.1431, 0.1432, 0.1424, 0.1428, 0.1429],
        [0.1429, 0.1432, 0.1427, 0.1426, 0.1431, 0.1428, 0.1428],
        [0.1428, 0.1429, 0.1430, 0.1430, 0.1424, 0.1428, 0.1432],
        [0.1427, 0.1433, 0.1432, 0.1429, 0.1431, 0.1424, 0.1425]])
05/12 04:53:54 PM alphas reduce :
tensor([[0.1430, 0.1426, 0.1428, 0.1429, 0.1427, 0.1430, 0.1430],
        [0.1427, 0.1433, 0.1427, 0.1431, 0.1423, 0.1430, 0.1428],
        [0.1423, 0.1430, 0.1435, 0.1430, 0.1426, 0.1427, 0.1429],
        [0.1428, 0.1431, 0.1424, 0.1431, 0.1429, 0.1430, 0.1426],
        [0.1427, 0.1430, 0.1425, 0.1431, 0.1431, 0.1428, 0.1428],
        [0.1431, 0.1427, 0.1427, 0.1432, 0.1426, 0.1433, 0.1424],
        [0.1430, 0.1436, 0.1430, 0.1425, 0.1430, 0.1422, 0.1428],
        [0.1425, 0.1430, 0.1425, 0.1428, 0.1430, 0.1434, 0.1427],
        [0.1430, 0.1432, 0.1432, 0.1427, 0.1427, 0.1425, 0.1428],
        [0.1429, 0.1424, 0.1428, 0.1427, 0.1428, 0.1432, 0.1431],
        [0.1430, 0.1422, 0.1427, 0.1430, 0.1430, 0.1435, 0.1426],
        [0.1426, 0.1426, 0.1428, 0.1424, 0.1430, 0.1433, 0.1433],
        [0.1427, 0.1426, 0.1432, 0.1428, 0.1430, 0.1431, 0.1426],
        [0.1432, 0.1423, 0.1429, 0.1431, 0.1427, 0.1430, 0.1427]])
05/12 04:53:54 PM genotype = Genotype(normal=[('dil_conv_3x3', 0), ('avg_pool_3x3', 1), ('dil_conv_3x3', 1), ('max_pool_3x3', 0), ('skip_connect', 2), ('max_pool_3x3', 3), ('skip_connect', 0), ('max_pool_3x3', 4)], normal_concat=range(2, 6), reduce=[('max_pool_3x3', 1), ('dil_conv_5x5', 0), ('skip_connect', 0), ('sep_conv_3x3', 1), ('max_pool_3x3', 1), ('dil_conv_3x3', 2), ('dil_conv_3x3', 1), ('dil_conv_3x3', 2)], reduce_concat=range(2, 6))
05/12 04:53:55 PM train 000 1.260919e+00 60.937500 90.625000
05/12 04:54:33 PM train 050 1.052793e+00 62.714461 96.507353
05/12 04:55:11 PM train 100 1.043429e+00 62.933168 96.519183
05/12 04:55:50 PM train 150 1.043450e+00 62.810430 96.367964
05/12 04:56:28 PM train 200 1.055204e+00 62.391169 96.229789
05/12 04:57:06 PM train 250 1.062718e+00 61.728088 96.296066
05/12 04:57:45 PM train 300 1.063610e+00 61.731728 96.324751
05/12 04:58:23 PM train 350 1.062165e+00 61.907942 96.300748
05/12 04:58:54 PM train_acc 62.088000
05/12 04:58:54 PM valid 000 1.135670e+00 51.562500 95.312500
05/12 04:59:13 PM valid 050 1.107090e+00 60.569853 95.741422
05/12 04:59:31 PM valid 100 1.101801e+00 61.045792 95.683787
05/12 04:59:50 PM valid 150 1.089449e+00 61.527318 95.798841
05/12 05:00:08 PM valid 200 1.082200e+00 61.582711 95.903296
05/12 05:00:27 PM valid 250 1.082040e+00 61.535110 95.922560
05/12 05:00:46 PM valid 300 1.088697e+00 61.285299 95.878322
05/12 05:01:04 PM valid 350 1.082486e+00 61.431624 95.931268
05/12 05:01:19 PM valid_acc 61.540000
05/12 05:01:19 PM epoch 6 lr 9.648882e-02
05/12 05:01:19 PM alphas normal :
tensor([[0.1430, 0.1426, 0.1428, 0.1428, 0.1428, 0.1435, 0.1424],
        [0.1432, 0.1427, 0.1426, 0.1427, 0.1431, 0.1429, 0.1427],
        [0.1425, 0.1435, 0.1423, 0.1431, 0.1427, 0.1430, 0.1430],
        [0.1427, 0.1424, 0.1427, 0.1427, 0.1433, 0.1435, 0.1428],
        [0.1428, 0.1428, 0.1429, 0.1428, 0.1429, 0.1430, 0.1427],
        [0.1429, 0.1430, 0.1428, 0.1433, 0.1428, 0.1424, 0.1428],
        [0.1432, 0.1425, 0.1424, 0.1430, 0.1430, 0.1426, 0.1433],
        [0.1423, 0.1428, 0.1437, 0.1429, 0.1429, 0.1427, 0.1426],
        [0.1424, 0.1434, 0.1428, 0.1428, 0.1430, 0.1427, 0.1429],
        [0.1429, 0.1427, 0.1438, 0.1426, 0.1427, 0.1425, 0.1427],
        [0.1426, 0.1430, 0.1431, 0.1432, 0.1424, 0.1428, 0.1429],
        [0.1429, 0.1432, 0.1427, 0.1426, 0.1431, 0.1428, 0.1428],
        [0.1428, 0.1429, 0.1430, 0.1430, 0.1424, 0.1428, 0.1432],
        [0.1427, 0.1433, 0.1432, 0.1429, 0.1431, 0.1424, 0.1425]])
05/12 05:01:19 PM alphas reduce :
tensor([[0.1430, 0.1426, 0.1428, 0.1429, 0.1427, 0.1430, 0.1430],
        [0.1427, 0.1433, 0.1427, 0.1431, 0.1423, 0.1430, 0.1428],
        [0.1423, 0.1430, 0.1435, 0.1430, 0.1426, 0.1427, 0.1429],
        [0.1428, 0.1431, 0.1424, 0.1431, 0.1429, 0.1430, 0.1426],
        [0.1427, 0.1430, 0.1425, 0.1431, 0.1431, 0.1428, 0.1428],
        [0.1431, 0.1427, 0.1427, 0.1432, 0.1426, 0.1433, 0.1424],
        [0.1430, 0.1436, 0.1430, 0.1425, 0.1430, 0.1422, 0.1428],
        [0.1425, 0.1430, 0.1425, 0.1428, 0.1430, 0.1434, 0.1427],
        [0.1430, 0.1432, 0.1432, 0.1427, 0.1427, 0.1425, 0.1428],
        [0.1429, 0.1424, 0.1428, 0.1427, 0.1428, 0.1432, 0.1431],
        [0.1430, 0.1422, 0.1427, 0.1430, 0.1430, 0.1435, 0.1426],
        [0.1426, 0.1426, 0.1428, 0.1424, 0.1430, 0.1433, 0.1433],
        [0.1427, 0.1426, 0.1432, 0.1428, 0.1430, 0.1431, 0.1426],
        [0.1432, 0.1423, 0.1429, 0.1431, 0.1427, 0.1430, 0.1427]])
05/12 05:01:19 PM genotype = Genotype(normal=[('dil_conv_3x3', 0), ('avg_pool_3x3', 1), ('dil_conv_3x3', 1), ('max_pool_3x3', 0), ('skip_connect', 2), ('max_pool_3x3', 3), ('skip_connect', 0), ('max_pool_3x3', 4)], normal_concat=range(2, 6), reduce=[('max_pool_3x3', 1), ('dil_conv_5x5', 0), ('skip_connect', 0), ('sep_conv_3x3', 1), ('max_pool_3x3', 1), ('dil_conv_3x3', 2), ('dil_conv_3x3', 1), ('dil_conv_3x3', 2)], reduce_concat=range(2, 6))
05/12 05:03:01 PM loss = 68.750000
05/12 05:03:01 PM alphas normal :
tensor([[0.1432, 0.1425, 0.1428, 0.1428, 0.1428, 0.1437, 0.1422],
        [0.1432, 0.1428, 0.1426, 0.1428, 0.1430, 0.1430, 0.1426],
        [0.1426, 0.1434, 0.1424, 0.1432, 0.1425, 0.1430, 0.1430],
        [0.1426, 0.1423, 0.1429, 0.1427, 0.1434, 0.1434, 0.1427],
        [0.1427, 0.1427, 0.1432, 0.1428, 0.1430, 0.1430, 0.1426],
        [0.1429, 0.1431, 0.1430, 0.1433, 0.1427, 0.1422, 0.1428],
        [0.1433, 0.1426, 0.1424, 0.1429, 0.1429, 0.1427, 0.1432],
        [0.1423, 0.1428, 0.1439, 0.1428, 0.1429, 0.1427, 0.1427],
        [0.1425, 0.1434, 0.1428, 0.1426, 0.1430, 0.1429, 0.1428],
        [0.1428, 0.1427, 0.1439, 0.1427, 0.1427, 0.1425, 0.1428],
        [0.1426, 0.1432, 0.1431, 0.1431, 0.1424, 0.1427, 0.1428],
        [0.1429, 0.1433, 0.1425, 0.1426, 0.1431, 0.1429, 0.1427],
        [0.1428, 0.1428, 0.1430, 0.1428, 0.1425, 0.1429, 0.1432],
        [0.1427, 0.1433, 0.1431, 0.1428, 0.1432, 0.1424, 0.1425]])
05/12 05:03:01 PM alphas reduce :
tensor([[0.1430, 0.1426, 0.1427, 0.1429, 0.1426, 0.1433, 0.1430],
        [0.1427, 0.1434, 0.1427, 0.1430, 0.1424, 0.1429, 0.1429],
        [0.1422, 0.1429, 0.1436, 0.1429, 0.1426, 0.1428, 0.1430],
