05/25 04:34:48 PM gpu device = 0
05/25 04:34:48 PM args = Namespace(data='../data', set='cifar10', batch_size=64, learning_rate=0.1, learning_rate_min=0.0, momentum=0.9, weight_decay=0.0003, report_freq=50, gpu=0, epochs=50, init_channels=16, layers=8, model_path='saved_models', cutout=False, cutout_length=16, drop_path_prob=0.3, save='../search-EXP-20250525-163445', seed=2, iterations=3, grad_clip=5, celltype='normal', resume='', train_portion=0.5, unrolled=False, arch_learning_rate=0.0006, arch_weight_decay=0.001, pop_momentum=0, step_size=0.1, samples=3, mon=0.4, warm_start_epochs=5)
05/25 04:34:50 PM param size = 0.299774MB
05/25 04:34:51 PM epoch 0 lr 1.000000e-01
05/25 04:34:51 PM alphas normal :
tensor([[0.0823, 0.0823, 0.0823, 0.2236, 0.2236, 0.2236, 0.0823],
        [0.2236, 0.0823, 0.2236, 0.2236, 0.0823, 0.0823, 0.0823],
        [0.0823, 0.0823, 0.0823, 0.2236, 0.2236, 0.0823, 0.2236],
        [0.0823, 0.0823, 0.0823, 0.2236, 0.2236, 0.2236, 0.0823],
        [0.0823, 0.0823, 0.0823, 0.2236, 0.0823, 0.2236, 0.2236],
        [0.0823, 0.0823, 0.0823, 0.2236, 0.2236, 0.0823, 0.2236],
        [0.0823, 0.0823, 0.0823, 0.2236, 0.0823, 0.2236, 0.2236],
        [0.0823, 0.0823, 0.2236, 0.0823, 0.2236, 0.2236, 0.0823],
        [0.2236, 0.0823, 0.2236, 0.0823, 0.0823, 0.0823, 0.2236],
        [0.2236, 0.0823, 0.2236, 0.2236, 0.0823, 0.0823, 0.0823],
        [0.0823, 0.0823, 0.0823, 0.2236, 0.0823, 0.2236, 0.2236],
        [0.2236, 0.0823, 0.2236, 0.0823, 0.0823, 0.0823, 0.2236],
        [0.2236, 0.0823, 0.2236, 0.2236, 0.0823, 0.0823, 0.0823],
        [0.2236, 0.0823, 0.2236, 0.0823, 0.0823, 0.2236, 0.0823]])
05/25 04:34:51 PM alphas reduce :
tensor([[0.0823, 0.0823, 0.2236, 0.2236, 0.0823, 0.0823, 0.2236],
        [0.0823, 0.0823, 0.2236, 0.2236, 0.2236, 0.0823, 0.0823],
        [0.0823, 0.2236, 0.0823, 0.2236, 0.2236, 0.0823, 0.0823],
        [0.0823, 0.0823, 0.0823, 0.2236, 0.2236, 0.2236, 0.0823],
        [0.0823, 0.0823, 0.0823, 0.2236, 0.2236, 0.0823, 0.2236],
        [0.0823, 0.2236, 0.0823, 0.2236, 0.2236, 0.0823, 0.0823],
        [0.0823, 0.2236, 0.0823, 0.2236, 0.2236, 0.0823, 0.0823],
        [0.0823, 0.0823, 0.0823, 0.2236, 0.2236, 0.2236, 0.0823],
        [0.0823, 0.0823, 0.2236, 0.0823, 0.2236, 0.0823, 0.2236],
        [0.2236, 0.2236, 0.0823, 0.0823, 0.2236, 0.0823, 0.0823],
        [0.0823, 0.2236, 0.0823, 0.2236, 0.0823, 0.2236, 0.0823],
        [0.0823, 0.0823, 0.0823, 0.2236, 0.2236, 0.0823, 0.2236],
        [0.0823, 0.0823, 0.0823, 0.2236, 0.2236, 0.0823, 0.2236],
        [0.0823, 0.0823, 0.0823, 0.2236, 0.2236, 0.0823, 0.2236]])
05/25 04:34:51 PM genotype = Genotype(normal=[('sep_conv_3x3', 0), ('avg_pool_3x3', 1), ('sep_conv_3x3', 1), ('sep_conv_3x3', 2), ('sep_conv_3x3', 1), ('avg_pool_3x3', 3), ('sep_conv_3x3', 1), ('avg_pool_3x3', 2)], normal_concat=range(2, 6), reduce=[('skip_connect', 0), ('skip_connect', 1), ('max_pool_3x3', 0), ('sep_conv_3x3', 1), ('max_pool_3x3', 0), ('max_pool_3x3', 1), ('avg_pool_3x3', 0), ('max_pool_3x3', 1)], reduce_concat=range(2, 6))
05/25 04:36:40 PM loss = 12.500000
05/25 04:36:40 PM alphas normal :
tensor([[0.0823, 0.0824, 0.0823, 0.2236, 0.2235, 0.2237, 0.0822],
        [0.2235, 0.0823, 0.2236, 0.2237, 0.0824, 0.0822, 0.0823],
        [0.0823, 0.0822, 0.0822, 0.2235, 0.2240, 0.0823, 0.2235],
        [0.0822, 0.0822, 0.0822, 0.2237, 0.2239, 0.2236, 0.0822],
        [0.0823, 0.0822, 0.0823, 0.2239, 0.0822, 0.2234, 0.2237],
        [0.0823, 0.0822, 0.0824, 0.2237, 0.2235, 0.0823, 0.2236],
        [0.0822, 0.0823, 0.0822, 0.2237, 0.0822, 0.2237, 0.2237],
        [0.0822, 0.0823, 0.2240, 0.0822, 0.2235, 0.2235, 0.0823],
        [0.2238, 0.0822, 0.2238, 0.0822, 0.0823, 0.0822, 0.2235],
        [0.2235, 0.0824, 0.2237, 0.2236, 0.0822, 0.0823, 0.0823],
        [0.0822, 0.0824, 0.0823, 0.2236, 0.0824, 0.2236, 0.2236],
        [0.2235, 0.0823, 0.2239, 0.0823, 0.0822, 0.0822, 0.2236],
        [0.2236, 0.0822, 0.2239, 0.2235, 0.0823, 0.0822, 0.0822],
        [0.2235, 0.0822, 0.2236, 0.0823, 0.0824, 0.2237, 0.0822]])
05/25 04:36:40 PM alphas reduce :
tensor([[0.0823, 0.0822, 0.2237, 0.2236, 0.0822, 0.0822, 0.2238],
        [0.0824, 0.0823, 0.2235, 0.2238, 0.2235, 0.0822, 0.0823],
        [0.0822, 0.2240, 0.0822, 0.2235, 0.2236, 0.0823, 0.0823],
        [0.0823, 0.0823, 0.0824, 0.2236, 0.2235, 0.2237, 0.0822],
        [0.0823, 0.0823, 0.0823, 0.2236, 0.2235, 0.0822, 0.2238],
        [0.0823, 0.2237, 0.0822, 0.2237, 0.2234, 0.0823, 0.0823],
        [0.0823, 0.2236, 0.0822, 0.2237, 0.2235, 0.0823, 0.0823],
        [0.0822, 0.0823, 0.0823, 0.2235, 0.2239, 0.2236, 0.0823],
        [0.0822, 0.0822, 0.2239, 0.0822, 0.2235, 0.0822, 0.2237],
        [0.2236, 0.2235, 0.0823, 0.0824, 0.2237, 0.0823, 0.0822],
        [0.0824, 0.2237, 0.0823, 0.2236, 0.0823, 0.2236, 0.0822],
        [0.0824, 0.0823, 0.0823, 0.2235, 0.2237, 0.0822, 0.2236],
        [0.0822, 0.0824, 0.0823, 0.2237, 0.2237, 0.0823, 0.2234],
        [0.0822, 0.0823, 0.0822, 0.2234, 0.2236, 0.0823, 0.2240]])
05/25 04:36:40 PM genotype = Genotype(normal=[('sep_conv_3x3', 1), ('dil_conv_3x3', 0), ('sep_conv_5x5', 0), ('sep_conv_3x3', 2), ('skip_connect', 2), ('avg_pool_3x3', 3), ('skip_connect', 3), ('skip_connect', 2)], normal_concat=range(2, 6), reduce=[('sep_conv_3x3', 1), ('dil_conv_5x5', 0), ('max_pool_3x3', 0), ('dil_conv_5x5', 2), ('skip_connect', 3), ('sep_conv_5x5', 2), ('dil_conv_5x5', 4), ('sep_conv_5x5', 2)], reduce_concat=range(2, 6))
05/25 04:36:41 PM train 000 2.510005e+00 3.125000 56.250000
05/25 04:37:19 PM train 050 2.292836e+00 20.067402 71.262255
05/25 04:37:57 PM train 100 2.168519e+00 22.988861 75.603342
05/25 04:38:37 PM train 150 2.081390e+00 25.196606 78.445778
05/25 04:39:26 PM train 200 2.011812e+00 26.741294 80.356032
05/25 04:40:10 PM train 250 1.956951e+00 28.293078 81.841384
05/25 04:40:57 PM train 300 1.910675e+00 29.827658 83.009759
05/25 04:41:44 PM train 350 1.863676e+00 31.468127 84.130164
05/25 04:42:22 PM train_acc 32.432000
05/25 04:42:23 PM valid 000 1.417461e+00 46.875000 93.750000
05/25 04:42:42 PM valid 050 1.556615e+00 42.953431 90.900735
05/25 04:43:01 PM valid 100 1.574489e+00 41.939975 91.073639
05/25 04:43:20 PM valid 150 1.576784e+00 42.104719 90.697434
05/25 04:43:40 PM valid 200 1.590178e+00 41.705535 90.632774
05/25 04:44:02 PM valid 250 1.589990e+00 41.546315 90.612550
05/25 04:44:20 PM valid 300 1.587881e+00 41.782600 90.541944
05/25 04:44:39 PM valid 350 1.586674e+00 41.804665 90.562678
05/25 04:44:54 PM valid_acc 41.716000
05/25 04:44:54 PM epoch 1 lr 9.990134e-02
05/25 04:44:54 PM alphas normal :
tensor([[0.0823, 0.0824, 0.0823, 0.2236, 0.2235, 0.2237, 0.0822],
        [0.2235, 0.0823, 0.2236, 0.2237, 0.0824, 0.0822, 0.0823],
        [0.0823, 0.0822, 0.0822, 0.2235, 0.2240, 0.0823, 0.2235],
        [0.0822, 0.0822, 0.0822, 0.2237, 0.2239, 0.2236, 0.0822],
        [0.0823, 0.0822, 0.0823, 0.2239, 0.0822, 0.2234, 0.2237],
        [0.0823, 0.0822, 0.0824, 0.2237, 0.2235, 0.0823, 0.2236],
        [0.0822, 0.0823, 0.0822, 0.2237, 0.0822, 0.2237, 0.2237],
        [0.0822, 0.0823, 0.2240, 0.0822, 0.2235, 0.2235, 0.0823],
        [0.2238, 0.0822, 0.2238, 0.0822, 0.0823, 0.0822, 0.2235],
        [0.2235, 0.0824, 0.2237, 0.2236, 0.0822, 0.0823, 0.0823],
        [0.0822, 0.0824, 0.0823, 0.2236, 0.0824, 0.2236, 0.2236],
        [0.2235, 0.0823, 0.2239, 0.0823, 0.0822, 0.0822, 0.2236],
        [0.2236, 0.0822, 0.2239, 0.2235, 0.0823, 0.0822, 0.0822],
        [0.2235, 0.0822, 0.2236, 0.0823, 0.0824, 0.2237, 0.0822]])
05/25 04:44:54 PM alphas reduce :
tensor([[0.0823, 0.0822, 0.2237, 0.2236, 0.0822, 0.0822, 0.2238],
        [0.0824, 0.0823, 0.2235, 0.2238, 0.2235, 0.0822, 0.0823],
        [0.0822, 0.2240, 0.0822, 0.2235, 0.2236, 0.0823, 0.0823],
        [0.0823, 0.0823, 0.0824, 0.2236, 0.2235, 0.2237, 0.0822],
        [0.0823, 0.0823, 0.0823, 0.2236, 0.2235, 0.0822, 0.2238],
        [0.0823, 0.2237, 0.0822, 0.2237, 0.2234, 0.0823, 0.0823],
        [0.0823, 0.2236, 0.0822, 0.2237, 0.2235, 0.0823, 0.0823],
        [0.0822, 0.0823, 0.0823, 0.2235, 0.2239, 0.2236, 0.0823],
        [0.0822, 0.0822, 0.2239, 0.0822, 0.2235, 0.0822, 0.2237],
        [0.2236, 0.2235, 0.0823, 0.0824, 0.2237, 0.0823, 0.0822],
        [0.0824, 0.2237, 0.0823, 0.2236, 0.0823, 0.2236, 0.0822],
        [0.0824, 0.0823, 0.0823, 0.2235, 0.2237, 0.0822, 0.2236],
        [0.0822, 0.0824, 0.0823, 0.2237, 0.2237, 0.0823, 0.2234],
        [0.0822, 0.0823, 0.0822, 0.2234, 0.2236, 0.0823, 0.2240]])
05/25 04:44:54 PM genotype = Genotype(normal=[('sep_conv_3x3', 1), ('dil_conv_3x3', 0), ('sep_conv_5x5', 0), ('sep_conv_3x3', 2), ('skip_connect', 2), ('avg_pool_3x3', 3), ('skip_connect', 3), ('skip_connect', 2)], normal_concat=range(2, 6), reduce=[('sep_conv_3x3', 1), ('dil_conv_5x5', 0), ('max_pool_3x3', 0), ('dil_conv_5x5', 2), ('skip_connect', 3), ('sep_conv_5x5', 2), ('dil_conv_5x5', 4), ('sep_conv_5x5', 2)], reduce_concat=range(2, 6))
05/25 04:46:46 PM loss = 18.750000
05/25 04:46:46 PM alphas normal :
tensor([[0.0824, 0.0824, 0.0823, 0.2236, 0.2233, 0.2238, 0.0823],
        [0.2236, 0.0823, 0.2236, 0.2236, 0.0824, 0.0822, 0.0822],
        [0.0823, 0.0822, 0.0823, 0.2234, 0.2242, 0.0823, 0.2233],
        [0.0822, 0.0822, 0.0822, 0.2237, 0.2239, 0.2236, 0.0823],
        [0.0823, 0.0822, 0.0822, 0.2238, 0.0823, 0.2235, 0.2239],
        [0.0825, 0.0822, 0.0824, 0.2236, 0.2235, 0.0823, 0.2235],
        [0.0821, 0.0823, 0.0823, 0.2236, 0.0822, 0.2237, 0.2238],
        [0.0822, 0.0822, 0.2242, 0.0823, 0.2234, 0.2235, 0.0822],
        [0.2237, 0.0821, 0.2237, 0.0822, 0.0823, 0.0823, 0.2237],
        [0.2234, 0.0823, 0.2237, 0.2236, 0.0822, 0.0823, 0.0825],
        [0.0821, 0.0823, 0.0823, 0.2237, 0.0824, 0.2234, 0.2237],
        [0.2234, 0.0823, 0.2242, 0.0822, 0.0823, 0.0822, 0.2234],
        [0.2238, 0.0821, 0.2239, 0.2236, 0.0823, 0.0822, 0.0821],
        [0.2240, 0.0822, 0.2235, 0.0823, 0.0823, 0.2235, 0.0822]])
05/25 04:46:46 PM alphas reduce :
tensor([[0.0823, 0.0822, 0.2240, 0.2235, 0.0821, 0.0822, 0.2236],
        [0.0825, 0.0824, 0.2235, 0.2237, 0.2235, 0.0822, 0.0823],
        [0.0822, 0.2238, 0.0821, 0.2234, 0.2241, 0.0822, 0.0822],
        [0.0823, 0.0823, 0.0824, 0.2236, 0.2236, 0.2235, 0.0823],
        [0.0824, 0.0822, 0.0824, 0.2235, 0.2233, 0.0822, 0.2240],
        [0.0823, 0.2238, 0.0822, 0.2240, 0.2232, 0.0823, 0.0823],
        [0.0824, 0.2236, 0.0822, 0.2236, 0.2235, 0.0824, 0.0824],
        [0.0822, 0.0822, 0.0823, 0.2237, 0.2239, 0.2235, 0.0823],
        [0.0821, 0.0822, 0.2239, 0.0822, 0.2237, 0.0821, 0.2237],
        [0.2237, 0.2234, 0.0823, 0.0825, 0.2236, 0.0824, 0.0821],
        [0.0824, 0.2237, 0.0824, 0.2235, 0.0823, 0.2234, 0.0822],
        [0.0823, 0.0822, 0.0823, 0.2236, 0.2236, 0.0824, 0.2235],
        [0.0822, 0.0825, 0.0823, 0.2236, 0.2236, 0.0823, 0.2236],
        [0.0822, 0.0822, 0.0822, 0.2234, 0.2238, 0.0823, 0.2239]])
05/25 04:46:46 PM genotype = Genotype(normal=[('dil_conv_3x3', 0), ('sep_conv_3x3', 1), ('sep_conv_5x5', 0), ('sep_conv_5x5', 1), ('skip_connect', 2), ('dil_conv_5x5', 1), ('skip_connect', 2), ('avg_pool_3x3', 4)], normal_concat=range(2, 6), reduce=[('skip_connect', 0), ('sep_conv_3x3', 1), ('sep_conv_5x5', 0), ('dil_conv_5x5', 2), ('sep_conv_3x3', 0), ('skip_connect', 3), ('dil_conv_5x5', 4), ('avg_pool_3x3', 0)], reduce_concat=range(2, 6))
05/25 04:46:47 PM train 000 1.671483e+00 32.812500 89.062500
05/25 04:47:34 PM train 050 1.545115e+00 43.474265 90.931373
05/25 04:48:16 PM train 100 1.518494e+00 44.461634 91.383045
05/25 04:49:00 PM train 150 1.510489e+00 44.753725 91.411424
05/25 04:49:45 PM train 200 1.504201e+00 44.892724 91.620025
05/25 04:50:31 PM train 250 1.498120e+00 45.119522 91.689492
05/25 04:51:16 PM train 300 1.475233e+00 45.950997 91.922757
05/25 04:52:03 PM train 350 1.462056e+00 46.358618 92.098469
05/25 04:52:43 PM train_acc 46.800000
05/25 04:52:44 PM valid 000 1.520041e+00 48.437500 90.625000
05/25 04:53:06 PM valid 050 1.479667e+00 46.170343 92.279412
05/25 04:53:26 PM valid 100 1.460842e+00 46.225248 92.775371
05/25 04:53:45 PM valid 150 1.455582e+00 46.399007 92.715232
05/25 04:54:04 PM valid 200 1.456923e+00 46.532960 92.863806
05/25 04:54:24 PM valid 250 1.456186e+00 46.613546 92.915837
05/25 04:54:43 PM valid 300 1.457163e+00 46.573920 92.841570
05/25 04:55:03 PM valid 350 1.448769e+00 46.848291 92.997685
05/25 04:55:18 PM valid_acc 46.708000
05/25 04:55:18 PM epoch 2 lr 9.960574e-02
05/25 04:55:18 PM alphas normal :
tensor([[0.0824, 0.0824, 0.0823, 0.2236, 0.2233, 0.2238, 0.0823],
        [0.2236, 0.0823, 0.2236, 0.2236, 0.0824, 0.0822, 0.0822],
        [0.0823, 0.0822, 0.0823, 0.2234, 0.2242, 0.0823, 0.2233],
        [0.0822, 0.0822, 0.0822, 0.2237, 0.2239, 0.2236, 0.0823],
        [0.0823, 0.0822, 0.0822, 0.2238, 0.0823, 0.2235, 0.2239],
        [0.0825, 0.0822, 0.0824, 0.2236, 0.2235, 0.0823, 0.2235],
        [0.0821, 0.0823, 0.0823, 0.2236, 0.0822, 0.2237, 0.2238],
        [0.0822, 0.0822, 0.2242, 0.0823, 0.2234, 0.2235, 0.0822],
        [0.2237, 0.0821, 0.2237, 0.0822, 0.0823, 0.0823, 0.2237],
        [0.2234, 0.0823, 0.2237, 0.2236, 0.0822, 0.0823, 0.0825],
        [0.0821, 0.0823, 0.0823, 0.2237, 0.0824, 0.2234, 0.2237],
        [0.2234, 0.0823, 0.2242, 0.0822, 0.0823, 0.0822, 0.2234],
        [0.2238, 0.0821, 0.2239, 0.2236, 0.0823, 0.0822, 0.0821],
        [0.2240, 0.0822, 0.2235, 0.0823, 0.0823, 0.2235, 0.0822]])
05/25 04:55:18 PM alphas reduce :
tensor([[0.0823, 0.0822, 0.2240, 0.2235, 0.0821, 0.0822, 0.2236],
        [0.0825, 0.0824, 0.2235, 0.2237, 0.2235, 0.0822, 0.0823],
        [0.0822, 0.2238, 0.0821, 0.2234, 0.2241, 0.0822, 0.0822],
        [0.0823, 0.0823, 0.0824, 0.2236, 0.2236, 0.2235, 0.0823],
        [0.0824, 0.0822, 0.0824, 0.2235, 0.2233, 0.0822, 0.2240],
        [0.0823, 0.2238, 0.0822, 0.2240, 0.2232, 0.0823, 0.0823],
        [0.0824, 0.2236, 0.0822, 0.2236, 0.2235, 0.0824, 0.0824],
        [0.0822, 0.0822, 0.0823, 0.2237, 0.2239, 0.2235, 0.0823],
        [0.0821, 0.0822, 0.2239, 0.0822, 0.2237, 0.0821, 0.2237],
        [0.2237, 0.2234, 0.0823, 0.0825, 0.2236, 0.0824, 0.0821],
        [0.0824, 0.2237, 0.0824, 0.2235, 0.0823, 0.2234, 0.0822],
        [0.0823, 0.0822, 0.0823, 0.2236, 0.2236, 0.0824, 0.2235],
        [0.0822, 0.0825, 0.0823, 0.2236, 0.2236, 0.0823, 0.2236],
        [0.0822, 0.0822, 0.0822, 0.2234, 0.2238, 0.0823, 0.2239]])
05/25 04:55:18 PM genotype = Genotype(normal=[('dil_conv_3x3', 0), ('sep_conv_3x3', 1), ('sep_conv_5x5', 0), ('sep_conv_5x5', 1), ('skip_connect', 2), ('dil_conv_5x5', 1), ('skip_connect', 2), ('avg_pool_3x3', 4)], normal_concat=range(2, 6), reduce=[('skip_connect', 0), ('sep_conv_3x3', 1), ('sep_conv_5x5', 0), ('dil_conv_5x5', 2), ('sep_conv_3x3', 0), ('skip_connect', 3), ('dil_conv_5x5', 4), ('avg_pool_3x3', 0)], reduce_concat=range(2, 6))
05/25 04:57:07 PM loss = 43.750000
05/25 04:57:07 PM alphas normal :
tensor([[0.0824, 0.0824, 0.0822, 0.2236, 0.2232, 0.2239, 0.0824],
        [0.2237, 0.0824, 0.2236, 0.2235, 0.0825, 0.0822, 0.0821],
        [0.0822, 0.0822, 0.0825, 0.2233, 0.2243, 0.0823, 0.2231],
        [0.0822, 0.0821, 0.0821, 0.2236, 0.2239, 0.2236, 0.0824],
        [0.0823, 0.0821, 0.0821, 0.2236, 0.0823, 0.2235, 0.2241],
        [0.0826, 0.0822, 0.0824, 0.2235, 0.2235, 0.0823, 0.2234],
        [0.0820, 0.0823, 0.0823, 0.2235, 0.0822, 0.2237, 0.2239],
        [0.0821, 0.0822, 0.2244, 0.0824, 0.2233, 0.2234, 0.0822],
        [0.2236, 0.0821, 0.2236, 0.0821, 0.0823, 0.0824, 0.2240],
        [0.2233, 0.0823, 0.2237, 0.2236, 0.0821, 0.0823, 0.0827],
        [0.0821, 0.0822, 0.0824, 0.2239, 0.0823, 0.2233, 0.2238],
        [0.2234, 0.0822, 0.2246, 0.0822, 0.0823, 0.0821, 0.2232],
        [0.2240, 0.0820, 0.2238, 0.2236, 0.0823, 0.0822, 0.0820],
        [0.2244, 0.0822, 0.2234, 0.0822, 0.0823, 0.2233, 0.0821]])
05/25 04:57:07 PM alphas reduce :
tensor([[0.0823, 0.0822, 0.2244, 0.2234, 0.0820, 0.0823, 0.2234],
        [0.0825, 0.0825, 0.2234, 0.2235, 0.2236, 0.0822, 0.0822],
        [0.0821, 0.2237, 0.0821, 0.2233, 0.2246, 0.0821, 0.0821],
        [0.0822, 0.0823, 0.0823, 0.2236, 0.2237, 0.2233, 0.0824],
        [0.0824, 0.0822, 0.0824, 0.2235, 0.2232, 0.0822, 0.2241],
        [0.0824, 0.2238, 0.0822, 0.2243, 0.2229, 0.0822, 0.0823],
        [0.0824, 0.2235, 0.0821, 0.2235, 0.2235, 0.0824, 0.0826],
        [0.0821, 0.0821, 0.0823, 0.2240, 0.2239, 0.2234, 0.0822],
        [0.0821, 0.0822, 0.2240, 0.0822, 0.2239, 0.0821, 0.2237],
        [0.2238, 0.2233, 0.0824, 0.0825, 0.2235, 0.0825, 0.0821],
        [0.0825, 0.2237, 0.0825, 0.2235, 0.0824, 0.2232, 0.0822],
        [0.0823, 0.0822, 0.0823, 0.2237, 0.2235, 0.0825, 0.2235],
        [0.0821, 0.0825, 0.0823, 0.2235, 0.2235, 0.0823, 0.2237],
        [0.0823, 0.0821, 0.0822, 0.2233, 0.2240, 0.0822, 0.2239]])
05/25 04:57:07 PM genotype = Genotype(normal=[('dil_conv_3x3', 0), ('avg_pool_3x3', 1), ('sep_conv_5x5', 0), ('dil_conv_5x5', 2), ('skip_connect', 2), ('dil_conv_5x5', 3), ('skip_connect', 2), ('avg_pool_3x3', 4)], normal_concat=range(2, 6), reduce=[('skip_connect', 0), ('sep_conv_5x5', 1), ('sep_conv_5x5', 0), ('dil_conv_5x5', 2), ('sep_conv_3x3', 0), ('skip_connect', 3), ('sep_conv_5x5', 4), ('avg_pool_3x3', 0)], reduce_concat=range(2, 6))
05/25 04:57:08 PM train 000 1.423230e+00 45.312500 93.750000
05/25 04:57:49 PM train 050 1.341296e+00 50.582108 93.903186
05/25 04:58:30 PM train 100 1.350691e+00 50.556931 93.502475
05/25 04:59:12 PM train 150 1.330690e+00 51.365894 93.718957
05/25 04:59:54 PM train 200 1.314378e+00 52.021144 93.905473
05/25 05:00:36 PM train 250 1.303167e+00 52.658118 93.980329
05/25 05:01:19 PM train 300 1.295908e+00 52.849875 94.082226
05/25 05:02:01 PM train 350 1.289315e+00 53.080484 94.141738
05/25 05:02:36 PM train_acc 53.216000
05/25 05:02:36 PM valid 000 1.411340e+00 50.000000 92.187500
05/25 05:02:56 PM valid 050 1.306451e+00 51.562500 94.270833
05/25 05:03:16 PM valid 100 1.297758e+00 52.336015 94.136757
05/25 05:03:35 PM valid 150 1.301507e+00 52.514487 94.319123
05/25 05:03:55 PM valid 200 1.299164e+00 52.456468 94.364117
05/25 05:04:14 PM valid 250 1.300585e+00 52.483815 94.260458
05/25 05:04:34 PM valid 300 1.296729e+00 52.585133 94.206811
05/25 05:04:53 PM valid 350 1.302923e+00 52.319266 94.195157
05/25 05:05:08 PM valid_acc 52.348000
05/25 05:05:09 PM epoch 3 lr 9.911436e-02
05/25 05:05:09 PM alphas normal :
tensor([[0.0824, 0.0824, 0.0822, 0.2236, 0.2232, 0.2239, 0.0824],
        [0.2237, 0.0824, 0.2236, 0.2235, 0.0825, 0.0822, 0.0821],
        [0.0822, 0.0822, 0.0825, 0.2233, 0.2243, 0.0823, 0.2231],
        [0.0822, 0.0821, 0.0821, 0.2236, 0.2239, 0.2236, 0.0824],
        [0.0823, 0.0821, 0.0821, 0.2236, 0.0823, 0.2235, 0.2241],
        [0.0826, 0.0822, 0.0824, 0.2235, 0.2235, 0.0823, 0.2234],
        [0.0820, 0.0823, 0.0823, 0.2235, 0.0822, 0.2237, 0.2239],
        [0.0821, 0.0822, 0.2244, 0.0824, 0.2233, 0.2234, 0.0822],
        [0.2236, 0.0821, 0.2236, 0.0821, 0.0823, 0.0824, 0.2240],
        [0.2233, 0.0823, 0.2237, 0.2236, 0.0821, 0.0823, 0.0827],
        [0.0821, 0.0822, 0.0824, 0.2239, 0.0823, 0.2233, 0.2238],
        [0.2234, 0.0822, 0.2246, 0.0822, 0.0823, 0.0821, 0.2232],
        [0.2240, 0.0820, 0.2238, 0.2236, 0.0823, 0.0822, 0.0820],
        [0.2244, 0.0822, 0.2234, 0.0822, 0.0823, 0.2233, 0.0821]])
05/25 05:05:09 PM alphas reduce :
tensor([[0.0823, 0.0822, 0.2244, 0.2234, 0.0820, 0.0823, 0.2234],
        [0.0825, 0.0825, 0.2234, 0.2235, 0.2236, 0.0822, 0.0822],
        [0.0821, 0.2237, 0.0821, 0.2233, 0.2246, 0.0821, 0.0821],
        [0.0822, 0.0823, 0.0823, 0.2236, 0.2237, 0.2233, 0.0824],
        [0.0824, 0.0822, 0.0824, 0.2235, 0.2232, 0.0822, 0.2241],
        [0.0824, 0.2238, 0.0822, 0.2243, 0.2229, 0.0822, 0.0823],
        [0.0824, 0.2235, 0.0821, 0.2235, 0.2235, 0.0824, 0.0826],
        [0.0821, 0.0821, 0.0823, 0.2240, 0.2239, 0.2234, 0.0822],
        [0.0821, 0.0822, 0.2240, 0.0822, 0.2239, 0.0821, 0.2237],
        [0.2238, 0.2233, 0.0824, 0.0825, 0.2235, 0.0825, 0.0821],
        [0.0825, 0.2237, 0.0825, 0.2235, 0.0824, 0.2232, 0.0822],
        [0.0823, 0.0822, 0.0823, 0.2237, 0.2235, 0.0825, 0.2235],
        [0.0821, 0.0825, 0.0823, 0.2235, 0.2235, 0.0823, 0.2237],
        [0.0823, 0.0821, 0.0822, 0.2233, 0.2240, 0.0822, 0.2239]])
05/25 05:05:09 PM genotype = Genotype(normal=[('dil_conv_3x3', 0), ('avg_pool_3x3', 1), ('sep_conv_5x5', 0), ('dil_conv_5x5', 2), ('skip_connect', 2), ('dil_conv_5x5', 3), ('skip_connect', 2), ('avg_pool_3x3', 4)], normal_concat=range(2, 6), reduce=[('skip_connect', 0), ('sep_conv_5x5', 1), ('sep_conv_5x5', 0), ('dil_conv_5x5', 2), ('sep_conv_3x3', 0), ('skip_connect', 3), ('sep_conv_5x5', 4), ('avg_pool_3x3', 0)], reduce_concat=range(2, 6))
05/25 05:06:50 PM loss = 43.750000
05/25 05:06:50 PM alphas normal :
tensor([[0.0825, 0.0824, 0.0821, 0.2237, 0.2230, 0.2239, 0.0824],
        [0.2238, 0.0823, 0.2235, 0.2236, 0.0824, 0.0822, 0.0822],
        [0.0822, 0.0821, 0.0825, 0.2234, 0.2244, 0.0824, 0.2230],
        [0.0822, 0.0820, 0.0821, 0.2241, 0.2237, 0.2234, 0.0824],
        [0.0822, 0.0821, 0.0820, 0.2239, 0.0823, 0.2235, 0.2240],
        [0.0826, 0.0821, 0.0824, 0.2234, 0.2235, 0.0823, 0.2237],
        [0.0820, 0.0822, 0.0823, 0.2235, 0.0822, 0.2241, 0.2237],
        [0.0820, 0.0821, 0.2248, 0.0824, 0.2232, 0.2234, 0.0822],
        [0.2234, 0.0821, 0.2236, 0.0822, 0.0823, 0.0824, 0.2240],
        [0.2233, 0.0823, 0.2235, 0.2237, 0.0822, 0.0823, 0.0827],
        [0.0820, 0.0822, 0.0824, 0.2239, 0.0823, 0.2232, 0.2241],
        [0.2234, 0.0821, 0.2249, 0.0821, 0.0823, 0.0820, 0.2232],
        [0.2240, 0.0820, 0.2239, 0.2235, 0.0823, 0.0821, 0.0822],
        [0.2246, 0.0822, 0.2231, 0.0822, 0.0823, 0.2235, 0.0821]])
05/25 05:06:50 PM alphas reduce :
tensor([[0.0824, 0.0822, 0.2243, 0.2233, 0.0820, 0.0824, 0.2235],
        [0.0826, 0.0826, 0.2236, 0.2234, 0.2236, 0.0821, 0.0821],
        [0.0822, 0.2239, 0.0821, 0.2234, 0.2244, 0.0820, 0.0821],
        [0.0823, 0.0823, 0.0824, 0.2234, 0.2240, 0.2232, 0.0824],
        [0.0823, 0.0822, 0.0825, 0.2235, 0.2234, 0.0821, 0.2240],
        [0.0823, 0.2237, 0.0822, 0.2244, 0.2229, 0.0823, 0.0822],
        [0.0823, 0.2235, 0.0822, 0.2234, 0.2236, 0.0824, 0.0825],
        [0.0822, 0.0820, 0.0822, 0.2239, 0.2238, 0.2235, 0.0823],
        [0.0821, 0.0822, 0.2239, 0.0824, 0.2238, 0.0821, 0.2235],
        [0.2238, 0.2234, 0.0824, 0.0825, 0.2235, 0.0824, 0.0821],
        [0.0825, 0.2236, 0.0826, 0.2234, 0.0824, 0.2232, 0.0823],
        [0.0822, 0.0822, 0.0822, 0.2237, 0.2235, 0.0825, 0.2237],
        [0.0821, 0.0825, 0.0824, 0.2236, 0.2235, 0.0824, 0.2234],
        [0.0823, 0.0821, 0.0822, 0.2233, 0.2240, 0.0823, 0.2239]])
05/25 05:06:50 PM genotype = Genotype(normal=[('dil_conv_3x3', 0), ('avg_pool_3x3', 1), ('sep_conv_5x5', 0), ('sep_conv_3x3', 1), ('skip_connect', 2), ('dil_conv_3x3', 1), ('skip_connect', 2), ('avg_pool_3x3', 4)], normal_concat=range(2, 6), reduce=[('skip_connect', 0), ('sep_conv_5x5', 1), ('sep_conv_5x5', 0), ('dil_conv_5x5', 2), ('sep_conv_3x3', 0), ('skip_connect', 3), ('sep_conv_5x5', 4), ('avg_pool_3x3', 0)], reduce_concat=range(2, 6))
05/25 05:06:51 PM train 000 1.193298e+00 54.687500 95.312500
05/25 05:07:33 PM train 050 1.206372e+00 57.444853 94.607843
05/25 05:08:14 PM train 100 1.216633e+00 56.714109 94.647277
05/25 05:08:56 PM train 150 1.219272e+00 56.581126 94.629553
05/25 05:09:37 PM train 200 1.213377e+00 56.957400 94.760572
05/25 05:10:19 PM train 250 1.200133e+00 57.395418 94.889193
05/25 05:11:02 PM train 300 1.194787e+00 57.558140 94.881645
05/25 05:11:45 PM train 350 1.190560e+00 57.705662 95.014245
05/25 05:12:19 PM train_acc 57.900000
05/25 05:12:19 PM valid 000 1.008388e+00 62.500000 96.875000
05/25 05:12:39 PM valid 050 1.326130e+00 53.676471 94.699755
05/25 05:12:59 PM valid 100 1.319647e+00 54.795792 94.492574
05/25 05:13:18 PM valid 150 1.339586e+00 54.335679 94.174255
05/25 05:13:37 PM valid 200 1.333855e+00 54.329913 94.200871
05/25 05:13:56 PM valid 250 1.348801e+00 54.040090 93.949203
05/25 05:14:15 PM valid 300 1.350166e+00 53.965947 93.812292
05/25 05:14:35 PM valid 350 1.348469e+00 53.890670 93.830128
05/25 05:14:50 PM valid_acc 53.836000
05/25 05:14:51 PM epoch 4 lr 9.842916e-02
05/25 05:14:51 PM alphas normal :
tensor([[0.0825, 0.0824, 0.0821, 0.2237, 0.2230, 0.2239, 0.0824],
        [0.2238, 0.0823, 0.2235, 0.2236, 0.0824, 0.0822, 0.0822],
        [0.0822, 0.0821, 0.0825, 0.2234, 0.2244, 0.0824, 0.2230],
        [0.0822, 0.0820, 0.0821, 0.2241, 0.2237, 0.2234, 0.0824],
        [0.0822, 0.0821, 0.0820, 0.2239, 0.0823, 0.2235, 0.2240],
        [0.0826, 0.0821, 0.0824, 0.2234, 0.2235, 0.0823, 0.2237],
        [0.0820, 0.0822, 0.0823, 0.2235, 0.0822, 0.2241, 0.2237],
        [0.0820, 0.0821, 0.2248, 0.0824, 0.2232, 0.2234, 0.0822],
        [0.2234, 0.0821, 0.2236, 0.0822, 0.0823, 0.0824, 0.2240],
        [0.2233, 0.0823, 0.2235, 0.2237, 0.0822, 0.0823, 0.0827],
        [0.0820, 0.0822, 0.0824, 0.2239, 0.0823, 0.2232, 0.2241],
        [0.2234, 0.0821, 0.2249, 0.0821, 0.0823, 0.0820, 0.2232],
        [0.2240, 0.0820, 0.2239, 0.2235, 0.0823, 0.0821, 0.0822],
        [0.2246, 0.0822, 0.2231, 0.0822, 0.0823, 0.2235, 0.0821]])
05/25 05:14:51 PM alphas reduce :
tensor([[0.0824, 0.0822, 0.2243, 0.2233, 0.0820, 0.0824, 0.2235],
        [0.0826, 0.0826, 0.2236, 0.2234, 0.2236, 0.0821, 0.0821],
        [0.0822, 0.2239, 0.0821, 0.2234, 0.2244, 0.0820, 0.0821],
        [0.0823, 0.0823, 0.0824, 0.2234, 0.2240, 0.2232, 0.0824],
        [0.0823, 0.0822, 0.0825, 0.2235, 0.2234, 0.0821, 0.2240],
        [0.0823, 0.2237, 0.0822, 0.2244, 0.2229, 0.0823, 0.0822],
        [0.0823, 0.2235, 0.0822, 0.2234, 0.2236, 0.0824, 0.0825],
        [0.0822, 0.0820, 0.0822, 0.2239, 0.2238, 0.2235, 0.0823],
        [0.0821, 0.0822, 0.2239, 0.0824, 0.2238, 0.0821, 0.2235],
        [0.2238, 0.2234, 0.0824, 0.0825, 0.2235, 0.0824, 0.0821],
        [0.0825, 0.2236, 0.0826, 0.2234, 0.0824, 0.2232, 0.0823],
        [0.0822, 0.0822, 0.0822, 0.2237, 0.2235, 0.0825, 0.2237],
        [0.0821, 0.0825, 0.0824, 0.2236, 0.2235, 0.0824, 0.2234],
        [0.0823, 0.0821, 0.0822, 0.2233, 0.2240, 0.0823, 0.2239]])
05/25 05:14:51 PM genotype = Genotype(normal=[('dil_conv_3x3', 0), ('avg_pool_3x3', 1), ('sep_conv_5x5', 0), ('sep_conv_3x3', 1), ('skip_connect', 2), ('dil_conv_3x3', 1), ('skip_connect', 2), ('avg_pool_3x3', 4)], normal_concat=range(2, 6), reduce=[('skip_connect', 0), ('sep_conv_5x5', 1), ('sep_conv_5x5', 0), ('dil_conv_5x5', 2), ('sep_conv_3x3', 0), ('skip_connect', 3), ('sep_conv_5x5', 4), ('avg_pool_3x3', 0)], reduce_concat=range(2, 6))
05/25 05:16:45 PM loss = 40.625000
05/25 05:16:45 PM alphas normal :
tensor([[0.0824, 0.0823, 0.0820, 0.2238, 0.2233, 0.2239, 0.0823],
        [0.2238, 0.0823, 0.2234, 0.2235, 0.0825, 0.0823, 0.0822],
        [0.0821, 0.0821, 0.0824, 0.2232, 0.2249, 0.0824, 0.2229],
        [0.0822, 0.0820, 0.0820, 0.2241, 0.2240, 0.2234, 0.0823],
        [0.0822, 0.0820, 0.0821, 0.2240, 0.0822, 0.2235, 0.2240],
        [0.0826, 0.0820, 0.0825, 0.2236, 0.2234, 0.0822, 0.2237],
        [0.0820, 0.0822, 0.0823, 0.2234, 0.0822, 0.2243, 0.2237],
        [0.0820, 0.0820, 0.2248, 0.0823, 0.2229, 0.2238, 0.0821],
        [0.2238, 0.0820, 0.2236, 0.0821, 0.0822, 0.0824, 0.2239],
        [0.2233, 0.0822, 0.2235, 0.2236, 0.0823, 0.0823, 0.0828],
        [0.0820, 0.0822, 0.0823, 0.2243, 0.0822, 0.2231, 0.2240],
        [0.2236, 0.0822, 0.2246, 0.0821, 0.0822, 0.0820, 0.2233],
        [0.2242, 0.0819, 0.2239, 0.2233, 0.0823, 0.0822, 0.0822],
        [0.2247, 0.0823, 0.2230, 0.0821, 0.0823, 0.2233, 0.0822]])
05/25 05:16:45 PM alphas reduce :
tensor([[0.0825, 0.0822, 0.2243, 0.2233, 0.0819, 0.0823, 0.2235],
        [0.0826, 0.0825, 0.2235, 0.2234, 0.2237, 0.0822, 0.0821],
        [0.0821, 0.2238, 0.0821, 0.2235, 0.2245, 0.0820, 0.0821],
        [0.0823, 0.0823, 0.0824, 0.2237, 0.2238, 0.2231, 0.0823],
        [0.0823, 0.0823, 0.0824, 0.2233, 0.2234, 0.0823, 0.2240],
        [0.0823, 0.2240, 0.0822, 0.2242, 0.2229, 0.0823, 0.0822],
        [0.0823, 0.2235, 0.0821, 0.2233, 0.2238, 0.0825, 0.0825],
        [0.0823, 0.0819, 0.0822, 0.2238, 0.2239, 0.2235, 0.0824],
        [0.0821, 0.0823, 0.2239, 0.0824, 0.2237, 0.0820, 0.2236],
        [0.2237, 0.2234, 0.0824, 0.0825, 0.2234, 0.0826, 0.0820],
        [0.0825, 0.2237, 0.0826, 0.2233, 0.0823, 0.2232, 0.0824],
        [0.0822, 0.0821, 0.0822, 0.2237, 0.2233, 0.0824, 0.2241],
        [0.0820, 0.0825, 0.0823, 0.2236, 0.2239, 0.0824, 0.2233],
        [0.0823, 0.0821, 0.0821, 0.2231, 0.2240, 0.0822, 0.2242]])
05/25 05:16:45 PM genotype = Genotype(normal=[('dil_conv_3x3', 0), ('avg_pool_3x3', 1), ('sep_conv_5x5', 0), ('sep_conv_3x3', 1), ('skip_connect', 2), ('dil_conv_3x3', 1), ('avg_pool_3x3', 4), ('skip_connect', 2)], normal_concat=range(2, 6), reduce=[('skip_connect', 0), ('sep_conv_5x5', 1), ('sep_conv_5x5', 0), ('dil_conv_5x5', 2), ('sep_conv_3x3', 0), ('skip_connect', 3), ('dil_conv_5x5', 4), ('dil_conv_5x5', 2)], reduce_concat=range(2, 6))
05/25 05:16:46 PM train 000 1.316113e+00 50.000000 96.875000
05/25 05:17:32 PM train 050 1.136571e+00 58.670343 95.925245
05/25 05:18:16 PM train 100 1.141912e+00 58.539604 95.606436
05/25 05:19:00 PM train 150 1.145899e+00 58.640315 95.612583
05/25 05:19:46 PM train 200 1.133795e+00 59.359453 95.654540
05/25 05:20:30 PM train 250 1.125147e+00 59.704930 95.636205
05/25 05:21:14 PM train 300 1.120475e+00 59.748754 95.686254
05/25 05:21:56 PM train 350 1.115383e+00 59.953704 95.650819
05/25 05:22:30 PM train_acc 60.076000
05/25 05:22:31 PM valid 000 1.741884e+00 46.875000 87.500000
05/25 05:22:51 PM valid 050 1.619944e+00 47.886029 90.349265
05/25 05:23:10 PM valid 100 1.600385e+00 47.617574 90.439356
05/25 05:23:31 PM valid 150 1.588782e+00 47.671772 90.749172
05/25 05:23:50 PM valid 200 1.588835e+00 47.730100 90.741604
05/25 05:24:14 PM valid 250 1.600390e+00 47.516185 90.649900
05/25 05:24:36 PM valid 300 1.602973e+00 47.368148 90.687292
05/25 05:24:57 PM valid 350 1.600643e+00 47.435897 90.678419
05/25 05:25:15 PM valid_acc 47.456000
05/25 05:25:15 PM epoch 5 lr 9.755283e-02
05/25 05:25:15 PM alphas normal :
tensor([[0.0824, 0.0823, 0.0820, 0.2238, 0.2233, 0.2239, 0.0823],
        [0.2238, 0.0823, 0.2234, 0.2235, 0.0825, 0.0823, 0.0822],
        [0.0821, 0.0821, 0.0824, 0.2232, 0.2249, 0.0824, 0.2229],
        [0.0822, 0.0820, 0.0820, 0.2241, 0.2240, 0.2234, 0.0823],
        [0.0822, 0.0820, 0.0821, 0.2240, 0.0822, 0.2235, 0.2240],
        [0.0826, 0.0820, 0.0825, 0.2236, 0.2234, 0.0822, 0.2237],
        [0.0820, 0.0822, 0.0823, 0.2234, 0.0822, 0.2243, 0.2237],
        [0.0820, 0.0820, 0.2248, 0.0823, 0.2229, 0.2238, 0.0821],
        [0.2238, 0.0820, 0.2236, 0.0821, 0.0822, 0.0824, 0.2239],
        [0.2233, 0.0822, 0.2235, 0.2236, 0.0823, 0.0823, 0.0828],
        [0.0820, 0.0822, 0.0823, 0.2243, 0.0822, 0.2231, 0.2240],
        [0.2236, 0.0822, 0.2246, 0.0821, 0.0822, 0.0820, 0.2233],
        [0.2242, 0.0819, 0.2239, 0.2233, 0.0823, 0.0822, 0.0822],
        [0.2247, 0.0823, 0.2230, 0.0821, 0.0823, 0.2233, 0.0822]])
05/25 05:25:15 PM alphas reduce :
tensor([[0.0825, 0.0822, 0.2243, 0.2233, 0.0819, 0.0823, 0.2235],
        [0.0826, 0.0825, 0.2235, 0.2234, 0.2237, 0.0822, 0.0821],
        [0.0821, 0.2238, 0.0821, 0.2235, 0.2245, 0.0820, 0.0821],
        [0.0823, 0.0823, 0.0824, 0.2237, 0.2238, 0.2231, 0.0823],
        [0.0823, 0.0823, 0.0824, 0.2233, 0.2234, 0.0823, 0.2240],
        [0.0823, 0.2240, 0.0822, 0.2242, 0.2229, 0.0823, 0.0822],
        [0.0823, 0.2235, 0.0821, 0.2233, 0.2238, 0.0825, 0.0825],
        [0.0823, 0.0819, 0.0822, 0.2238, 0.2239, 0.2235, 0.0824],
        [0.0821, 0.0823, 0.2239, 0.0824, 0.2237, 0.0820, 0.2236],
        [0.2237, 0.2234, 0.0824, 0.0825, 0.2234, 0.0826, 0.0820],
        [0.0825, 0.2237, 0.0826, 0.2233, 0.0823, 0.2232, 0.0824],
        [0.0822, 0.0821, 0.0822, 0.2237, 0.2233, 0.0824, 0.2241],
        [0.0820, 0.0825, 0.0823, 0.2236, 0.2239, 0.0824, 0.2233],
        [0.0823, 0.0821, 0.0821, 0.2231, 0.2240, 0.0822, 0.2242]])
05/25 05:25:15 PM genotype = Genotype(normal=[('dil_conv_3x3', 0), ('avg_pool_3x3', 1), ('sep_conv_5x5', 0), ('sep_conv_3x3', 1), ('skip_connect', 2), ('dil_conv_3x3', 1), ('avg_pool_3x3', 4), ('skip_connect', 2)], normal_concat=range(2, 6), reduce=[('skip_connect', 0), ('sep_conv_5x5', 1), ('sep_conv_5x5', 0), ('dil_conv_5x5', 2), ('sep_conv_3x3', 0), ('skip_connect', 3), ('dil_conv_5x5', 4), ('dil_conv_5x5', 2)], reduce_concat=range(2, 6))
05/25 05:27:20 PM loss = 59.375000
05/25 05:27:20 PM alphas normal :
tensor([[0.0825, 0.0822, 0.0821, 0.2236, 0.2234, 0.2238, 0.0823],
        [0.2239, 0.0824, 0.2233, 0.2233, 0.0826, 0.0823, 0.0822],
        [0.0821, 0.0822, 0.0824, 0.2232, 0.2248, 0.0824, 0.2228],
        [0.0821, 0.0821, 0.0819, 0.2241, 0.2240, 0.2234, 0.0823],
        [0.0822, 0.0821, 0.0821, 0.2240, 0.0823, 0.2235, 0.2239],
        [0.0827, 0.0820, 0.0825, 0.2234, 0.2232, 0.0822, 0.2239],
        [0.0819, 0.0821, 0.0823, 0.2235, 0.0822, 0.2243, 0.2237],
        [0.0820, 0.0820, 0.2246, 0.0823, 0.2229, 0.2241, 0.0821],
        [0.2240, 0.0820, 0.2234, 0.0822, 0.0822, 0.0824, 0.2238],
        [0.2233, 0.0821, 0.2235, 0.2237, 0.0823, 0.0824, 0.0828],
        [0.0819, 0.0822, 0.0822, 0.2246, 0.0822, 0.2230, 0.2238],
        [0.2236, 0.0822, 0.2245, 0.0820, 0.0822, 0.0819, 0.2236],
        [0.2245, 0.0818, 0.2240, 0.2231, 0.0822, 0.0822, 0.0821],
        [0.2245, 0.0823, 0.2231, 0.0822, 0.0823, 0.2235, 0.0821]])
05/25 05:27:20 PM alphas reduce :
tensor([[0.0825, 0.0821, 0.2242, 0.2234, 0.0819, 0.0823, 0.2236],
        [0.0826, 0.0826, 0.2234, 0.2234, 0.2236, 0.0823, 0.0821],
        [0.0821, 0.2237, 0.0821, 0.2236, 0.2246, 0.0819, 0.0820],
        [0.0824, 0.0823, 0.0824, 0.2239, 0.2238, 0.2230, 0.0823],
        [0.0824, 0.0822, 0.0825, 0.2233, 0.2234, 0.0824, 0.2239],
        [0.0823, 0.2239, 0.0821, 0.2241, 0.2232, 0.0823, 0.0822],
        [0.0823, 0.2236, 0.0821, 0.2235, 0.2236, 0.0824, 0.0824],
        [0.0822, 0.0819, 0.0821, 0.2240, 0.2239, 0.2235, 0.0823],
        [0.0821, 0.0824, 0.2239, 0.0824, 0.2240, 0.0819, 0.2234],
        [0.2235, 0.2234, 0.0824, 0.0825, 0.2234, 0.0827, 0.0821],
        [0.0827, 0.2235, 0.0827, 0.2232, 0.0823, 0.2231, 0.0824],
        [0.0823, 0.0821, 0.0821, 0.2235, 0.2233, 0.0824, 0.2244],
        [0.0820, 0.0824, 0.0822, 0.2237, 0.2242, 0.0824, 0.2231],
        [0.0824, 0.0820, 0.0820, 0.2232, 0.2239, 0.0821, 0.2243]])
05/25 05:27:20 PM genotype = Genotype(normal=[('avg_pool_3x3', 1), ('dil_conv_3x3', 0), ('sep_conv_5x5', 0), ('sep_conv_3x3', 1), ('skip_connect', 2), ('dil_conv_3x3', 1), ('sep_conv_3x3', 1), ('avg_pool_3x3', 3)], normal_concat=range(2, 6), reduce=[('skip_connect', 0), ('sep_conv_5x5', 1), ('sep_conv_5x5', 0), ('sep_conv_3x3', 1), ('sep_conv_3x3', 0), ('sep_conv_3x3', 2), ('dil_conv_5x5', 2), ('dil_conv_5x5', 4)], reduce_concat=range(2, 6))
05/25 05:27:21 PM train 000 1.039585e+00 62.500000 96.875000
05/25 05:28:06 PM train 050 1.080264e+00 60.508578 95.588235
05/25 05:28:45 PM train 100 1.081785e+00 60.550743 95.745668
05/25 05:29:26 PM train 150 1.063156e+00 61.506623 95.995447
05/25 05:30:08 PM train 200 1.061250e+00 61.800373 96.027674
05/25 05:30:47 PM train 250 1.058600e+00 62.064243 96.003486
05/25 05:31:29 PM train 300 1.050908e+00 62.468854 96.091154
05/25 05:32:09 PM train 350 1.050906e+00 62.424323 96.140491
05/25 05:32:41 PM train_acc 62.696000
05/25 05:32:41 PM valid 000 1.106845e+00 62.500000 95.312500
05/25 05:33:01 PM valid 050 1.249774e+00 58.088235 94.178922
05/25 05:33:21 PM valid 100 1.260332e+00 57.564975 93.657178
05/25 05:33:40 PM valid 150 1.239391e+00 57.729719 93.801738
05/25 05:33:59 PM valid 200 1.246979e+00 57.594838 93.633396
05/25 05:34:17 PM valid 250 1.248441e+00 57.451444 93.581922
05/25 05:34:36 PM valid 300 1.244086e+00 57.542566 93.625415
05/25 05:34:54 PM valid 350 1.242026e+00 57.656695 93.580840
05/25 05:35:09 PM valid_acc 57.716000
05/25 05:35:09 PM epoch 6 lr 9.648882e-02
05/25 05:35:09 PM alphas normal :
tensor([[0.0825, 0.0822, 0.0821, 0.2236, 0.2234, 0.2238, 0.0823],
        [0.2239, 0.0824, 0.2233, 0.2233, 0.0826, 0.0823, 0.0822],
        [0.0821, 0.0822, 0.0824, 0.2232, 0.2248, 0.0824, 0.2228],
        [0.0821, 0.0821, 0.0819, 0.2241, 0.2240, 0.2234, 0.0823],
        [0.0822, 0.0821, 0.0821, 0.2240, 0.0823, 0.2235, 0.2239],
        [0.0827, 0.0820, 0.0825, 0.2234, 0.2232, 0.0822, 0.2239],
        [0.0819, 0.0821, 0.0823, 0.2235, 0.0822, 0.2243, 0.2237],
        [0.0820, 0.0820, 0.2246, 0.0823, 0.2229, 0.2241, 0.0821],
        [0.2240, 0.0820, 0.2234, 0.0822, 0.0822, 0.0824, 0.2238],
        [0.2233, 0.0821, 0.2235, 0.2237, 0.0823, 0.0824, 0.0828],
        [0.0819, 0.0822, 0.0822, 0.2246, 0.0822, 0.2230, 0.2238],
        [0.2236, 0.0822, 0.2245, 0.0820, 0.0822, 0.0819, 0.2236],
        [0.2245, 0.0818, 0.2240, 0.2231, 0.0822, 0.0822, 0.0821],
        [0.2245, 0.0823, 0.2231, 0.0822, 0.0823, 0.2235, 0.0821]])
05/25 05:35:09 PM alphas reduce :
tensor([[0.0825, 0.0821, 0.2242, 0.2234, 0.0819, 0.0823, 0.2236],
        [0.0826, 0.0826, 0.2234, 0.2234, 0.2236, 0.0823, 0.0821],
        [0.0821, 0.2237, 0.0821, 0.2236, 0.2246, 0.0819, 0.0820],
        [0.0824, 0.0823, 0.0824, 0.2239, 0.2238, 0.2230, 0.0823],
        [0.0824, 0.0822, 0.0825, 0.2233, 0.2234, 0.0824, 0.2239],
        [0.0823, 0.2239, 0.0821, 0.2241, 0.2232, 0.0823, 0.0822],
        [0.0823, 0.2236, 0.0821, 0.2235, 0.2236, 0.0824, 0.0824],
        [0.0822, 0.0819, 0.0821, 0.2240, 0.2239, 0.2235, 0.0823],
        [0.0821, 0.0824, 0.2239, 0.0824, 0.2240, 0.0819, 0.2234],
        [0.2235, 0.2234, 0.0824, 0.0825, 0.2234, 0.0827, 0.0821],
        [0.0827, 0.2235, 0.0827, 0.2232, 0.0823, 0.2231, 0.0824],
        [0.0823, 0.0821, 0.0821, 0.2235, 0.2233, 0.0824, 0.2244],
        [0.0820, 0.0824, 0.0822, 0.2237, 0.2242, 0.0824, 0.2231],
        [0.0824, 0.0820, 0.0820, 0.2232, 0.2239, 0.0821, 0.2243]])
05/25 05:35:09 PM genotype = Genotype(normal=[('avg_pool_3x3', 1), ('dil_conv_3x3', 0), ('sep_conv_5x5', 0), ('sep_conv_3x3', 1), ('skip_connect', 2), ('dil_conv_3x3', 1), ('sep_conv_3x3', 1), ('avg_pool_3x3', 3)], normal_concat=range(2, 6), reduce=[('skip_connect', 0), ('sep_conv_5x5', 1), ('sep_conv_5x5', 0), ('sep_conv_3x3', 1), ('sep_conv_3x3', 0), ('sep_conv_3x3', 2), ('dil_conv_5x5', 2), ('dil_conv_5x5', 4)], reduce_concat=range(2, 6))
05/25 05:36:48 PM loss = 31.250000
05/25 05:36:48 PM alphas normal :
tensor([[0.0824, 0.0821, 0.0822, 0.2238, 0.2234, 0.2239, 0.0822],
        [0.2239, 0.0824, 0.2232, 0.2233, 0.0825, 0.0824, 0.0823],
        [0.0821, 0.0821, 0.0825, 0.2235, 0.2248, 0.0824, 0.2227],
        [0.0820, 0.0821, 0.0819, 0.2242, 0.2239, 0.2234, 0.0825],
        [0.0821, 0.0821, 0.0820, 0.2243, 0.0822, 0.2234, 0.2238],
        [0.0828, 0.0820, 0.0824, 0.2232, 0.2234, 0.0823, 0.2240],
        [0.0818, 0.0822, 0.0822, 0.2237, 0.0822, 0.2244, 0.2236],
        [0.0820, 0.0820, 0.2245, 0.0823, 0.2231, 0.2239, 0.0821],
        [0.2241, 0.0820, 0.2233, 0.0822, 0.0822, 0.0824, 0.2239],
        [0.2234, 0.0821, 0.2233, 0.2238, 0.0822, 0.0824, 0.0828],
        [0.0819, 0.0821, 0.0822, 0.2246, 0.0823, 0.2232, 0.2237],
        [0.2235, 0.0822, 0.2245, 0.0820, 0.0822, 0.0820, 0.2237],
        [0.2244, 0.0818, 0.2241, 0.2230, 0.0822, 0.0822, 0.0823],
        [0.2245, 0.0823, 0.2231, 0.0821, 0.0823, 0.2236, 0.0822]])
05/25 05:36:48 PM alphas reduce :
tensor([[0.0824, 0.0821, 0.2244, 0.2233, 0.0818, 0.0822, 0.2238],
        [0.0826, 0.0826, 0.2234, 0.2235, 0.2235, 0.0823, 0.0821],
        [0.0822, 0.2235, 0.0821, 0.2237, 0.2248, 0.0818, 0.0819],
