05/21 10:26:11 PM gpu device = 0
05/21 10:26:11 PM args = Namespace(data='../data', set='cifar10', batch_size=64, learning_rate=0.1, learning_rate_min=0.0, momentum=0.9, weight_decay=0.0003, report_freq=50, gpu=0, epochs=50, init_channels=16, layers=8, model_path='saved_models', cutout=False, cutout_length=16, drop_path_prob=0.3, save='../search-EXP-20250521-222609', seed=2, iterations=3, grad_clip=5, celltype='normal', resume='', train_portion=0.5, unrolled=False, arch_learning_rate=0.0006, arch_weight_decay=0.001, pop_momentum=0, step_size=0.1, samples=3, mon=0.4, warm_start_epochs=5)
05/21 10:26:12 PM param size = 0.299774MB
05/21 10:26:13 PM epoch 0 lr 1.000000e-01
05/21 10:26:13 PM alphas normal :
tensor([[0.0958, 0.0958, 0.0958, 0.2605, 0.0958, 0.0958, 0.2605],
        [0.0958, 0.0958, 0.0958, 0.2605, 0.0958, 0.2605, 0.0958],
        [0.2605, 0.0958, 0.0958, 0.0958, 0.2605, 0.0958, 0.0958],
        [0.2605, 0.0958, 0.0958, 0.0958, 0.0958, 0.0958, 0.2605],
        [0.0958, 0.0958, 0.2605, 0.0958, 0.2605, 0.0958, 0.0958],
        [0.0958, 0.2605, 0.0958, 0.0958, 0.0958, 0.2605, 0.0958],
        [0.0958, 0.0958, 0.2605, 0.2605, 0.0958, 0.0958, 0.0958],
        [0.2605, 0.0958, 0.2605, 0.0958, 0.0958, 0.0958, 0.0958],
        [0.0958, 0.0958, 0.0958, 0.0958, 0.2605, 0.0958, 0.2605],
        [0.2605, 0.0958, 0.0958, 0.0958, 0.0958, 0.0958, 0.2605],
        [0.0958, 0.0958, 0.0958, 0.2605, 0.2605, 0.0958, 0.0958],
        [0.0958, 0.0958, 0.0958, 0.2605, 0.0958, 0.0958, 0.2605],
        [0.0958, 0.0958, 0.0958, 0.0958, 0.0958, 0.2605, 0.2605],
        [0.0958, 0.0958, 0.0958, 0.0958, 0.0958, 0.2605, 0.2605]])
05/21 10:26:13 PM alphas reduce :
tensor([[0.2605, 0.2605, 0.0958, 0.0958, 0.0958, 0.0958, 0.0958],
        [0.0958, 0.0958, 0.2605, 0.0958, 0.2605, 0.0958, 0.0958],
        [0.0958, 0.2605, 0.0958, 0.0958, 0.2605, 0.0958, 0.0958],
        [0.0958, 0.2605, 0.0958, 0.2605, 0.0958, 0.0958, 0.0958],
        [0.0958, 0.0958, 0.2605, 0.2605, 0.0958, 0.0958, 0.0958],
        [0.0958, 0.0958, 0.0958, 0.0958, 0.2605, 0.2605, 0.0958],
        [0.0958, 0.2605, 0.0958, 0.0958, 0.2605, 0.0958, 0.0958],
        [0.0958, 0.2605, 0.0958, 0.0958, 0.0958, 0.0958, 0.2605],
        [0.2605, 0.0958, 0.0958, 0.0958, 0.0958, 0.2605, 0.0958],
        [0.2605, 0.0958, 0.0958, 0.0958, 0.2605, 0.0958, 0.0958],
        [0.0958, 0.0958, 0.2605, 0.0958, 0.2605, 0.0958, 0.0958],
        [0.2605, 0.0958, 0.0958, 0.0958, 0.0958, 0.0958, 0.2605],
        [0.0958, 0.2605, 0.0958, 0.0958, 0.2605, 0.0958, 0.0958],
        [0.0958, 0.2605, 0.0958, 0.0958, 0.0958, 0.2605, 0.0958]])
05/21 10:26:13 PM genotype = Genotype(normal=[('sep_conv_3x3', 0), ('sep_conv_3x3', 1), ('avg_pool_3x3', 0), ('avg_pool_3x3', 1), ('max_pool_3x3', 0), ('skip_connect', 1), ('avg_pool_3x3', 0), ('sep_conv_3x3', 1)], normal_concat=range(2, 6), reduce=[('avg_pool_3x3', 0), ('skip_connect', 1), ('max_pool_3x3', 0), ('max_pool_3x3', 1), ('sep_conv_5x5', 0), ('max_pool_3x3', 1), ('avg_pool_3x3', 0), ('skip_connect', 1)], reduce_concat=range(2, 6))
05/21 10:27:55 PM loss = 15.625000
05/21 10:27:55 PM alphas normal :
tensor([[0.0957, 0.0957, 0.0958, 0.2607, 0.0957, 0.0958, 0.2605],
        [0.0959, 0.0958, 0.0958, 0.2603, 0.0959, 0.2604, 0.0959],
        [0.2606, 0.0958, 0.0957, 0.0958, 0.2603, 0.0958, 0.0960],
        [0.2605, 0.0957, 0.0958, 0.0960, 0.0957, 0.0958, 0.2604],
        [0.0959, 0.0958, 0.2606, 0.0957, 0.2604, 0.0957, 0.0958],
        [0.0959, 0.2602, 0.0959, 0.0958, 0.0958, 0.2606, 0.0957],
        [0.0958, 0.0957, 0.2604, 0.2609, 0.0957, 0.0957, 0.0957],
        [0.2603, 0.0959, 0.2608, 0.0958, 0.0957, 0.0958, 0.0958],
        [0.0959, 0.0958, 0.0959, 0.0957, 0.2604, 0.0958, 0.2605],
        [0.2603, 0.0957, 0.0959, 0.0959, 0.0958, 0.0958, 0.2605],
        [0.0958, 0.0957, 0.0959, 0.2603, 0.2607, 0.0958, 0.0958],
        [0.0959, 0.0958, 0.0958, 0.2603, 0.0959, 0.0959, 0.2604],
        [0.0957, 0.0958, 0.0957, 0.0957, 0.0957, 0.2607, 0.2606],
        [0.0958, 0.0957, 0.0958, 0.0960, 0.0957, 0.2605, 0.2604]])
05/21 10:27:55 PM alphas reduce :
tensor([[0.2606, 0.2606, 0.0958, 0.0958, 0.0957, 0.0957, 0.0958],
        [0.0958, 0.0957, 0.2603, 0.0957, 0.2608, 0.0958, 0.0958],
        [0.0958, 0.2604, 0.0957, 0.0958, 0.2605, 0.0958, 0.0959],
        [0.0958, 0.2607, 0.0959, 0.2603, 0.0958, 0.0959, 0.0957],
        [0.0958, 0.0958, 0.2607, 0.2605, 0.0958, 0.0957, 0.0957],
        [0.0957, 0.0958, 0.0958, 0.0958, 0.2603, 0.2609, 0.0957],
        [0.0957, 0.2604, 0.0958, 0.0957, 0.2607, 0.0958, 0.0958],
        [0.0958, 0.2604, 0.0958, 0.0958, 0.0959, 0.0958, 0.2606],
        [0.2604, 0.0958, 0.0959, 0.0958, 0.0958, 0.2606, 0.0957],
        [0.2603, 0.0959, 0.0958, 0.0958, 0.2604, 0.0958, 0.0959],
        [0.0958, 0.0957, 0.2606, 0.0958, 0.2605, 0.0958, 0.0957],
        [0.2605, 0.0957, 0.0958, 0.0957, 0.0958, 0.0958, 0.2607],
        [0.0959, 0.2608, 0.0958, 0.0957, 0.2602, 0.0957, 0.0959],
        [0.0958, 0.2603, 0.0959, 0.0959, 0.0958, 0.2603, 0.0959]])
05/21 10:27:55 PM genotype = Genotype(normal=[('sep_conv_3x3', 0), ('dil_conv_3x3', 1), ('skip_connect', 2), ('avg_pool_3x3', 0), ('sep_conv_3x3', 1), ('skip_connect', 2), ('sep_conv_5x5', 1), ('dil_conv_3x3', 3)], normal_concat=range(2, 6), reduce=[('sep_conv_5x5', 1), ('avg_pool_3x3', 0), ('max_pool_3x3', 1), ('skip_connect', 2), ('dil_conv_3x3', 0), ('sep_conv_5x5', 1), ('max_pool_3x3', 3), ('dil_conv_5x5', 2)], reduce_concat=range(2, 6))
05/21 10:27:56 PM train 000 2.511953e+00 4.687500 51.562500
05/21 10:28:38 PM train 050 2.395781e+00 17.616422 68.443627
05/21 10:29:17 PM train 100 2.265004e+00 21.055074 73.112624
05/21 10:29:58 PM train 150 2.135750e+00 24.265315 76.800497
05/21 10:30:38 PM train 200 2.046358e+00 26.329291 79.221082
05/21 10:31:19 PM train 250 1.988387e+00 27.795070 80.814243
05/21 10:31:59 PM train 300 1.941964e+00 29.142442 82.033846
05/21 10:32:39 PM train 350 1.893102e+00 30.813746 83.213141
05/21 10:33:14 PM train_acc 31.784000
05/21 10:33:14 PM valid 000 1.786966e+00 37.500000 89.062500
05/21 10:33:33 PM valid 050 1.724713e+00 36.427696 87.837010
05/21 10:33:52 PM valid 100 1.720003e+00 35.891089 88.242574
05/21 10:34:11 PM valid 150 1.714765e+00 36.278974 88.182947
05/21 10:34:29 PM valid 200 1.725866e+00 35.883085 87.974192
05/21 10:34:48 PM valid 250 1.726118e+00 36.012201 88.085159
05/21 10:35:07 PM valid 300 1.722918e+00 36.217816 88.112542
05/21 10:35:25 PM valid 350 1.722240e+00 36.266916 88.127671
05/21 10:35:40 PM valid_acc 36.136000
05/21 10:35:41 PM epoch 1 lr 9.990134e-02
05/21 10:35:41 PM alphas normal :
tensor([[0.0957, 0.0957, 0.0958, 0.2607, 0.0957, 0.0958, 0.2605],
        [0.0959, 0.0958, 0.0958, 0.2603, 0.0959, 0.2604, 0.0959],
        [0.2606, 0.0958, 0.0957, 0.0958, 0.2603, 0.0958, 0.0960],
        [0.2605, 0.0957, 0.0958, 0.0960, 0.0957, 0.0958, 0.2604],
        [0.0959, 0.0958, 0.2606, 0.0957, 0.2604, 0.0957, 0.0958],
        [0.0959, 0.2602, 0.0959, 0.0958, 0.0958, 0.2606, 0.0957],
        [0.0958, 0.0957, 0.2604, 0.2609, 0.0957, 0.0957, 0.0957],
        [0.2603, 0.0959, 0.2608, 0.0958, 0.0957, 0.0958, 0.0958],
        [0.0959, 0.0958, 0.0959, 0.0957, 0.2604, 0.0958, 0.2605],
        [0.2603, 0.0957, 0.0959, 0.0959, 0.0958, 0.0958, 0.2605],
        [0.0958, 0.0957, 0.0959, 0.2603, 0.2607, 0.0958, 0.0958],
        [0.0959, 0.0958, 0.0958, 0.2603, 0.0959, 0.0959, 0.2604],
        [0.0957, 0.0958, 0.0957, 0.0957, 0.0957, 0.2607, 0.2606],
        [0.0958, 0.0957, 0.0958, 0.0960, 0.0957, 0.2605, 0.2604]])
05/21 10:35:41 PM alphas reduce :
tensor([[0.2606, 0.2606, 0.0958, 0.0958, 0.0957, 0.0957, 0.0958],
        [0.0958, 0.0957, 0.2603, 0.0957, 0.2608, 0.0958, 0.0958],
        [0.0958, 0.2604, 0.0957, 0.0958, 0.2605, 0.0958, 0.0959],
        [0.0958, 0.2607, 0.0959, 0.2603, 0.0958, 0.0959, 0.0957],
        [0.0958, 0.0958, 0.2607, 0.2605, 0.0958, 0.0957, 0.0957],
        [0.0957, 0.0958, 0.0958, 0.0958, 0.2603, 0.2609, 0.0957],
        [0.0957, 0.2604, 0.0958, 0.0957, 0.2607, 0.0958, 0.0958],
        [0.0958, 0.2604, 0.0958, 0.0958, 0.0959, 0.0958, 0.2606],
        [0.2604, 0.0958, 0.0959, 0.0958, 0.0958, 0.2606, 0.0957],
        [0.2603, 0.0959, 0.0958, 0.0958, 0.2604, 0.0958, 0.0959],
        [0.0958, 0.0957, 0.2606, 0.0958, 0.2605, 0.0958, 0.0957],
        [0.2605, 0.0957, 0.0958, 0.0957, 0.0958, 0.0958, 0.2607],
        [0.0959, 0.2608, 0.0958, 0.0957, 0.2602, 0.0957, 0.0959],
        [0.0958, 0.2603, 0.0959, 0.0959, 0.0958, 0.2603, 0.0959]])
05/21 10:35:41 PM genotype = Genotype(normal=[('sep_conv_3x3', 0), ('dil_conv_3x3', 1), ('skip_connect', 2), ('avg_pool_3x3', 0), ('sep_conv_3x3', 1), ('skip_connect', 2), ('sep_conv_5x5', 1), ('dil_conv_3x3', 3)], normal_concat=range(2, 6), reduce=[('sep_conv_5x5', 1), ('avg_pool_3x3', 0), ('max_pool_3x3', 1), ('skip_connect', 2), ('dil_conv_3x3', 0), ('sep_conv_5x5', 1), ('max_pool_3x3', 3), ('dil_conv_5x5', 2)], reduce_concat=range(2, 6))
05/21 10:37:18 PM loss = 18.750000
05/21 10:37:18 PM alphas normal :
tensor([[0.0957, 0.0957, 0.0957, 0.2609, 0.0958, 0.0959, 0.2603],
        [0.0958, 0.0957, 0.0957, 0.2602, 0.0959, 0.2607, 0.0959],
        [0.2605, 0.0958, 0.0956, 0.0957, 0.2608, 0.0957, 0.0959],
        [0.2606, 0.0957, 0.0957, 0.0960, 0.0959, 0.0959, 0.2602],
        [0.0958, 0.0958, 0.2610, 0.0957, 0.2603, 0.0957, 0.0957],
        [0.0959, 0.2601, 0.0960, 0.0959, 0.0958, 0.2605, 0.0958],
        [0.0958, 0.0957, 0.2604, 0.2609, 0.0957, 0.0958, 0.0957],
        [0.2604, 0.0958, 0.2608, 0.0957, 0.0956, 0.0959, 0.0958],
        [0.0962, 0.0957, 0.0959, 0.0957, 0.2603, 0.0957, 0.2605],
        [0.2603, 0.0957, 0.0958, 0.0958, 0.0959, 0.0957, 0.2608],
        [0.0957, 0.0957, 0.0958, 0.2608, 0.2605, 0.0957, 0.0957],
        [0.0960, 0.0958, 0.0957, 0.2601, 0.0958, 0.0958, 0.2606],
        [0.0958, 0.0957, 0.0957, 0.0956, 0.0956, 0.2607, 0.2608],
        [0.0959, 0.0958, 0.0957, 0.0959, 0.0958, 0.2603, 0.2606]])
05/21 10:37:18 PM alphas reduce :
tensor([[0.2611, 0.2605, 0.0957, 0.0957, 0.0956, 0.0956, 0.0957],
        [0.0959, 0.0956, 0.2602, 0.0957, 0.2608, 0.0960, 0.0958],
        [0.0958, 0.2604, 0.0956, 0.0958, 0.2606, 0.0958, 0.0959],
        [0.0957, 0.2607, 0.0960, 0.2605, 0.0957, 0.0958, 0.0957],
        [0.0958, 0.0959, 0.2606, 0.2604, 0.0958, 0.0959, 0.0957],
        [0.0957, 0.0959, 0.0957, 0.0957, 0.2602, 0.2611, 0.0957],
        [0.0957, 0.2605, 0.0956, 0.0956, 0.2609, 0.0958, 0.0958],
        [0.0958, 0.2601, 0.0958, 0.0957, 0.0959, 0.0957, 0.2609],
        [0.2604, 0.0959, 0.0959, 0.0959, 0.0958, 0.2604, 0.0957],
        [0.2602, 0.0959, 0.0957, 0.0958, 0.2604, 0.0960, 0.0959],
        [0.0959, 0.0957, 0.2606, 0.0958, 0.2604, 0.0958, 0.0958],
        [0.2605, 0.0956, 0.0957, 0.0957, 0.0957, 0.0958, 0.2610],
        [0.0958, 0.2605, 0.0957, 0.0957, 0.2607, 0.0957, 0.0958],
        [0.0959, 0.2604, 0.0958, 0.0958, 0.0958, 0.2603, 0.0961]])
05/21 10:37:18 PM genotype = Genotype(normal=[('sep_conv_3x3', 0), ('dil_conv_3x3', 1), ('skip_connect', 2), ('sep_conv_5x5', 0), ('sep_conv_3x3', 1), ('skip_connect', 2), ('dil_conv_5x5', 0), ('dil_conv_5x5', 3)], normal_concat=range(2, 6), reduce=[('avg_pool_3x3', 0), ('sep_conv_5x5', 1), ('max_pool_3x3', 1), ('skip_connect', 2), ('dil_conv_3x3', 0), ('sep_conv_5x5', 1), ('dil_conv_5x5', 2), ('sep_conv_5x5', 3)], reduce_concat=range(2, 6))
05/21 10:37:19 PM train 000 1.714669e+00 39.062500 87.500000
05/21 10:37:58 PM train 050 1.564247e+00 41.452206 90.778186
05/21 10:38:37 PM train 100 1.532624e+00 43.100248 91.042698
05/21 10:39:18 PM train 150 1.521337e+00 44.081126 91.204470
05/21 10:39:58 PM train 200 1.515068e+00 44.783893 91.487873
05/21 10:40:39 PM train 250 1.512115e+00 44.858068 91.484064
05/21 10:41:20 PM train 300 1.490425e+00 45.551287 91.709925
05/21 10:42:01 PM train 350 1.474315e+00 46.233974 91.866987
05/21 10:42:34 PM train_acc 46.780000
05/21 10:42:35 PM valid 000 1.499583e+00 54.687500 93.750000
05/21 10:42:53 PM valid 050 1.363362e+00 50.275735 93.658088
05/21 10:43:12 PM valid 100 1.352561e+00 49.953589 93.425124
05/21 10:43:31 PM valid 150 1.361228e+00 49.824089 93.025662
05/21 10:43:51 PM valid 200 1.362955e+00 49.867848 93.003731
05/21 10:44:10 PM valid 250 1.359548e+00 49.850598 93.090139
05/21 10:44:29 PM valid 300 1.364131e+00 49.667774 93.069975
05/21 10:44:47 PM valid 350 1.358859e+00 49.933226 93.153490
05/21 10:45:02 PM valid_acc 49.780000
05/21 10:45:03 PM epoch 2 lr 9.960574e-02
05/21 10:45:03 PM alphas normal :
tensor([[0.0957, 0.0957, 0.0957, 0.2609, 0.0958, 0.0959, 0.2603],
        [0.0958, 0.0957, 0.0957, 0.2602, 0.0959, 0.2607, 0.0959],
        [0.2605, 0.0958, 0.0956, 0.0957, 0.2608, 0.0957, 0.0959],
        [0.2606, 0.0957, 0.0957, 0.0960, 0.0959, 0.0959, 0.2602],
        [0.0958, 0.0958, 0.2610, 0.0957, 0.2603, 0.0957, 0.0957],
        [0.0959, 0.2601, 0.0960, 0.0959, 0.0958, 0.2605, 0.0958],
        [0.0958, 0.0957, 0.2604, 0.2609, 0.0957, 0.0958, 0.0957],
        [0.2604, 0.0958, 0.2608, 0.0957, 0.0956, 0.0959, 0.0958],
        [0.0962, 0.0957, 0.0959, 0.0957, 0.2603, 0.0957, 0.2605],
        [0.2603, 0.0957, 0.0958, 0.0958, 0.0959, 0.0957, 0.2608],
        [0.0957, 0.0957, 0.0958, 0.2608, 0.2605, 0.0957, 0.0957],
        [0.0960, 0.0958, 0.0957, 0.2601, 0.0958, 0.0958, 0.2606],
        [0.0958, 0.0957, 0.0957, 0.0956, 0.0956, 0.2607, 0.2608],
        [0.0959, 0.0958, 0.0957, 0.0959, 0.0958, 0.2603, 0.2606]])
05/21 10:45:03 PM alphas reduce :
tensor([[0.2611, 0.2605, 0.0957, 0.0957, 0.0956, 0.0956, 0.0957],
        [0.0959, 0.0956, 0.2602, 0.0957, 0.2608, 0.0960, 0.0958],
        [0.0958, 0.2604, 0.0956, 0.0958, 0.2606, 0.0958, 0.0959],
        [0.0957, 0.2607, 0.0960, 0.2605, 0.0957, 0.0958, 0.0957],
        [0.0958, 0.0959, 0.2606, 0.2604, 0.0958, 0.0959, 0.0957],
        [0.0957, 0.0959, 0.0957, 0.0957, 0.2602, 0.2611, 0.0957],
        [0.0957, 0.2605, 0.0956, 0.0956, 0.2609, 0.0958, 0.0958],
        [0.0958, 0.2601, 0.0958, 0.0957, 0.0959, 0.0957, 0.2609],
        [0.2604, 0.0959, 0.0959, 0.0959, 0.0958, 0.2604, 0.0957],
        [0.2602, 0.0959, 0.0957, 0.0958, 0.2604, 0.0960, 0.0959],
        [0.0959, 0.0957, 0.2606, 0.0958, 0.2604, 0.0958, 0.0958],
        [0.2605, 0.0956, 0.0957, 0.0957, 0.0957, 0.0958, 0.2610],
        [0.0958, 0.2605, 0.0957, 0.0957, 0.2607, 0.0957, 0.0958],
        [0.0959, 0.2604, 0.0958, 0.0958, 0.0958, 0.2603, 0.0961]])
05/21 10:45:03 PM genotype = Genotype(normal=[('sep_conv_3x3', 0), ('dil_conv_3x3', 1), ('skip_connect', 2), ('sep_conv_5x5', 0), ('sep_conv_3x3', 1), ('skip_connect', 2), ('dil_conv_5x5', 0), ('dil_conv_5x5', 3)], normal_concat=range(2, 6), reduce=[('avg_pool_3x3', 0), ('sep_conv_5x5', 1), ('max_pool_3x3', 1), ('skip_connect', 2), ('dil_conv_3x3', 0), ('sep_conv_5x5', 1), ('dil_conv_5x5', 2), ('sep_conv_5x5', 3)], reduce_concat=range(2, 6))
05/21 10:46:46 PM loss = 28.125000
05/21 10:46:46 PM alphas normal :
tensor([[0.0957, 0.0956, 0.0957, 0.2612, 0.0958, 0.0959, 0.2601],
        [0.0960, 0.0957, 0.0957, 0.2601, 0.0959, 0.2606, 0.0960],
        [0.2605, 0.0957, 0.0957, 0.0956, 0.2607, 0.0958, 0.0960],
        [0.2605, 0.0958, 0.0957, 0.0961, 0.0959, 0.0959, 0.2602],
        [0.0957, 0.0960, 0.2609, 0.0957, 0.2602, 0.0957, 0.0957],
        [0.0959, 0.2602, 0.0962, 0.0959, 0.0957, 0.2603, 0.0957],
        [0.0957, 0.0958, 0.2604, 0.2609, 0.0957, 0.0958, 0.0957],
        [0.2605, 0.0958, 0.2607, 0.0959, 0.0955, 0.0959, 0.0957],
        [0.0960, 0.0958, 0.0959, 0.0956, 0.2605, 0.0957, 0.2604],
        [0.2601, 0.0956, 0.0957, 0.0958, 0.0958, 0.0957, 0.2611],
        [0.0956, 0.0957, 0.0958, 0.2606, 0.2607, 0.0958, 0.0958],
        [0.0960, 0.0958, 0.0957, 0.2599, 0.0959, 0.0958, 0.2609],
        [0.0957, 0.0957, 0.0957, 0.0957, 0.0956, 0.2608, 0.2607],
        [0.0959, 0.0957, 0.0957, 0.0958, 0.0958, 0.2607, 0.2604]])
05/21 10:46:46 PM alphas reduce :
tensor([[0.2610, 0.2604, 0.0957, 0.0958, 0.0955, 0.0957, 0.0959],
        [0.0958, 0.0956, 0.2600, 0.0957, 0.2613, 0.0960, 0.0957],
        [0.0958, 0.2603, 0.0957, 0.0958, 0.2607, 0.0958, 0.0961],
        [0.0958, 0.2610, 0.0959, 0.2604, 0.0956, 0.0958, 0.0956],
        [0.0957, 0.0958, 0.2607, 0.2605, 0.0957, 0.0960, 0.0956],
        [0.0957, 0.0959, 0.0958, 0.0956, 0.2601, 0.2613, 0.0956],
        [0.0957, 0.2604, 0.0956, 0.0956, 0.2610, 0.0960, 0.0958],
        [0.0959, 0.2602, 0.0958, 0.0957, 0.0959, 0.0958, 0.2606],
        [0.2607, 0.0959, 0.0958, 0.0960, 0.0957, 0.2602, 0.0957],
        [0.2602, 0.0959, 0.0957, 0.0958, 0.2607, 0.0959, 0.0959],
        [0.0958, 0.0957, 0.2607, 0.0957, 0.2605, 0.0958, 0.0958],
        [0.2604, 0.0957, 0.0957, 0.0958, 0.0957, 0.0959, 0.2609],
        [0.0957, 0.2607, 0.0958, 0.0957, 0.2605, 0.0957, 0.0958],
        [0.0959, 0.2604, 0.0958, 0.0958, 0.0958, 0.2601, 0.0963]])
05/21 10:46:46 PM genotype = Genotype(normal=[('sep_conv_3x3', 0), ('dil_conv_3x3', 1), ('skip_connect', 2), ('sep_conv_5x5', 0), ('sep_conv_3x3', 1), ('skip_connect', 2), ('dil_conv_5x5', 0), ('dil_conv_5x5', 2)], normal_concat=range(2, 6), reduce=[('sep_conv_5x5', 1), ('avg_pool_3x3', 0), ('max_pool_3x3', 1), ('sep_conv_5x5', 0), ('dil_conv_3x3', 0), ('sep_conv_5x5', 1), ('dil_conv_5x5', 2), ('max_pool_3x3', 3)], reduce_concat=range(2, 6))
05/21 10:46:47 PM train 000 1.332285e+00 48.437500 95.312500
05/21 10:47:26 PM train 050 1.341911e+00 51.439951 93.719363
05/21 10:48:07 PM train 100 1.353742e+00 51.036510 93.456064
05/21 10:48:48 PM train 150 1.330029e+00 51.821192 93.936258
05/21 10:49:28 PM train 200 1.319985e+00 52.145522 94.053172
05/21 10:50:08 PM train 250 1.311026e+00 52.670568 94.086155
05/21 10:50:49 PM train 300 1.300928e+00 53.021179 94.123754
05/21 10:51:30 PM train 350 1.288498e+00 53.409900 94.261930
05/21 10:52:03 PM train_acc 53.568000
05/21 10:52:03 PM valid 000 1.901925e+00 42.187500 87.500000
05/21 10:52:22 PM valid 050 1.623153e+00 43.964461 89.859069
05/21 10:52:41 PM valid 100 1.620954e+00 44.152228 89.820545
05/21 10:52:59 PM valid 150 1.632306e+00 44.039735 89.352235
05/21 10:53:18 PM valid 200 1.635663e+00 43.804415 89.412313
05/21 10:53:37 PM valid 250 1.644033e+00 43.637948 89.236803
05/21 10:53:55 PM valid 300 1.639984e+00 43.931686 89.259759
05/21 10:54:15 PM valid 350 1.642658e+00 43.923611 89.253917
05/21 10:54:30 PM valid_acc 43.980000
05/21 10:54:31 PM epoch 3 lr 9.911436e-02
05/21 10:54:31 PM alphas normal :
tensor([[0.0957, 0.0956, 0.0957, 0.2612, 0.0958, 0.0959, 0.2601],
        [0.0960, 0.0957, 0.0957, 0.2601, 0.0959, 0.2606, 0.0960],
        [0.2605, 0.0957, 0.0957, 0.0956, 0.2607, 0.0958, 0.0960],
        [0.2605, 0.0958, 0.0957, 0.0961, 0.0959, 0.0959, 0.2602],
        [0.0957, 0.0960, 0.2609, 0.0957, 0.2602, 0.0957, 0.0957],
        [0.0959, 0.2602, 0.0962, 0.0959, 0.0957, 0.2603, 0.0957],
        [0.0957, 0.0958, 0.2604, 0.2609, 0.0957, 0.0958, 0.0957],
        [0.2605, 0.0958, 0.2607, 0.0959, 0.0955, 0.0959, 0.0957],
        [0.0960, 0.0958, 0.0959, 0.0956, 0.2605, 0.0957, 0.2604],
        [0.2601, 0.0956, 0.0957, 0.0958, 0.0958, 0.0957, 0.2611],
        [0.0956, 0.0957, 0.0958, 0.2606, 0.2607, 0.0958, 0.0958],
        [0.0960, 0.0958, 0.0957, 0.2599, 0.0959, 0.0958, 0.2609],
        [0.0957, 0.0957, 0.0957, 0.0957, 0.0956, 0.2608, 0.2607],
        [0.0959, 0.0957, 0.0957, 0.0958, 0.0958, 0.2607, 0.2604]])
05/21 10:54:31 PM alphas reduce :
tensor([[0.2610, 0.2604, 0.0957, 0.0958, 0.0955, 0.0957, 0.0959],
        [0.0958, 0.0956, 0.2600, 0.0957, 0.2613, 0.0960, 0.0957],
        [0.0958, 0.2603, 0.0957, 0.0958, 0.2607, 0.0958, 0.0961],
        [0.0958, 0.2610, 0.0959, 0.2604, 0.0956, 0.0958, 0.0956],
        [0.0957, 0.0958, 0.2607, 0.2605, 0.0957, 0.0960, 0.0956],
        [0.0957, 0.0959, 0.0958, 0.0956, 0.2601, 0.2613, 0.0956],
        [0.0957, 0.2604, 0.0956, 0.0956, 0.2610, 0.0960, 0.0958],
        [0.0959, 0.2602, 0.0958, 0.0957, 0.0959, 0.0958, 0.2606],
        [0.2607, 0.0959, 0.0958, 0.0960, 0.0957, 0.2602, 0.0957],
        [0.2602, 0.0959, 0.0957, 0.0958, 0.2607, 0.0959, 0.0959],
        [0.0958, 0.0957, 0.2607, 0.0957, 0.2605, 0.0958, 0.0958],
        [0.2604, 0.0957, 0.0957, 0.0958, 0.0957, 0.0959, 0.2609],
        [0.0957, 0.2607, 0.0958, 0.0957, 0.2605, 0.0957, 0.0958],
        [0.0959, 0.2604, 0.0958, 0.0958, 0.0958, 0.2601, 0.0963]])
05/21 10:54:31 PM genotype = Genotype(normal=[('sep_conv_3x3', 0), ('dil_conv_3x3', 1), ('skip_connect', 2), ('sep_conv_5x5', 0), ('sep_conv_3x3', 1), ('skip_connect', 2), ('dil_conv_5x5', 0), ('dil_conv_5x5', 2)], normal_concat=range(2, 6), reduce=[('sep_conv_5x5', 1), ('avg_pool_3x3', 0), ('max_pool_3x3', 1), ('sep_conv_5x5', 0), ('dil_conv_3x3', 0), ('sep_conv_5x5', 1), ('dil_conv_5x5', 2), ('max_pool_3x3', 3)], reduce_concat=range(2, 6))
05/21 10:56:18 PM loss = 15.625000
05/21 10:56:18 PM alphas normal :
tensor([[0.0956, 0.0957, 0.0956, 0.2612, 0.0958, 0.0959, 0.2601],
        [0.0959, 0.0957, 0.0956, 0.2601, 0.0958, 0.2607, 0.0962],
        [0.2607, 0.0956, 0.0957, 0.0956, 0.2605, 0.0958, 0.0961],
        [0.2605, 0.0957, 0.0956, 0.0961, 0.0958, 0.0959, 0.2603],
        [0.0957, 0.0960, 0.2611, 0.0958, 0.2601, 0.0957, 0.0956],
        [0.0959, 0.2603, 0.0961, 0.0958, 0.0957, 0.2605, 0.0956],
        [0.0957, 0.0959, 0.2602, 0.2608, 0.0958, 0.0959, 0.0957],
        [0.2605, 0.0959, 0.2607, 0.0959, 0.0954, 0.0959, 0.0957],
        [0.0960, 0.0958, 0.0958, 0.0956, 0.2605, 0.0960, 0.2603],
        [0.2602, 0.0955, 0.0958, 0.0957, 0.0958, 0.0957, 0.2613],
        [0.0955, 0.0958, 0.0958, 0.2609, 0.2605, 0.0958, 0.0957],
        [0.0959, 0.0958, 0.0957, 0.2598, 0.0959, 0.0958, 0.2611],
        [0.0957, 0.0958, 0.0957, 0.0958, 0.0956, 0.2608, 0.2607],
        [0.0959, 0.0957, 0.0958, 0.0957, 0.0958, 0.2607, 0.2605]])
05/21 10:56:18 PM alphas reduce :
tensor([[0.2612, 0.2605, 0.0956, 0.0958, 0.0954, 0.0956, 0.0959],
        [0.0957, 0.0955, 0.2602, 0.0957, 0.2613, 0.0959, 0.0957],
        [0.0957, 0.2601, 0.0957, 0.0958, 0.2608, 0.0957, 0.0961],
        [0.0958, 0.2610, 0.0959, 0.2605, 0.0955, 0.0957, 0.0956],
        [0.0959, 0.0958, 0.2606, 0.2604, 0.0957, 0.0959, 0.0957],
        [0.0957, 0.0959, 0.0957, 0.0955, 0.2600, 0.2616, 0.0956],
        [0.0956, 0.2605, 0.0957, 0.0957, 0.2608, 0.0959, 0.0958],
        [0.0959, 0.2604, 0.0957, 0.0957, 0.0960, 0.0958, 0.2605],
        [0.2606, 0.0960, 0.0958, 0.0961, 0.0958, 0.2600, 0.0957],
        [0.2602, 0.0958, 0.0956, 0.0960, 0.2606, 0.0959, 0.0958],
        [0.0958, 0.0957, 0.2606, 0.0957, 0.2607, 0.0957, 0.0958],
        [0.2606, 0.0956, 0.0958, 0.0958, 0.0957, 0.0958, 0.2607],
        [0.0956, 0.2606, 0.0957, 0.0959, 0.2607, 0.0958, 0.0958],
        [0.0959, 0.2604, 0.0958, 0.0958, 0.0960, 0.2599, 0.0963]])
05/21 10:56:18 PM genotype = Genotype(normal=[('sep_conv_3x3', 0), ('dil_conv_3x3', 1), ('skip_connect', 2), ('avg_pool_3x3', 0), ('sep_conv_3x3', 1), ('skip_connect', 2), ('dil_conv_5x5', 0), ('dil_conv_5x5', 2)], normal_concat=range(2, 6), reduce=[('sep_conv_5x5', 1), ('avg_pool_3x3', 0), ('max_pool_3x3', 1), ('sep_conv_5x5', 0), ('dil_conv_3x3', 0), ('sep_conv_5x5', 1), ('dil_conv_5x5', 2), ('sep_conv_5x5', 1)], reduce_concat=range(2, 6))
05/21 10:56:19 PM train 000 1.170117e+00 59.375000 96.875000
05/21 10:56:58 PM train 050 1.193407e+00 57.291667 94.883578
05/21 10:57:38 PM train 100 1.209286e+00 56.605817 95.157797
05/21 10:58:19 PM train 150 1.208475e+00 56.757036 95.043460
05/21 10:58:59 PM train 200 1.201536e+00 56.864117 95.219216
05/21 10:59:39 PM train 250 1.189415e+00 57.202440 95.268924
05/21 11:00:20 PM train 300 1.180800e+00 57.677533 95.343646
05/21 11:01:00 PM train 350 1.178317e+00 57.727920 95.472756
05/21 11:01:33 PM train_acc 57.840000
05/21 11:01:33 PM valid 000 1.190817e+00 57.812500 93.750000
05/21 11:01:52 PM valid 050 1.328413e+00 53.063725 93.259804
05/21 11:02:11 PM valid 100 1.327501e+00 53.821163 93.100248
05/21 11:02:29 PM valid 150 1.347886e+00 53.394040 92.839404
05/21 11:02:48 PM valid 200 1.341628e+00 53.505908 92.832711
05/21 11:03:06 PM valid 250 1.355422e+00 53.442480 92.536106
05/21 11:03:24 PM valid 300 1.354905e+00 53.202865 92.498962
05/21 11:03:42 PM valid 350 1.356860e+00 53.236289 92.467949
05/21 11:03:57 PM valid_acc 53.092000
05/21 11:03:58 PM epoch 4 lr 9.842916e-02
05/21 11:03:58 PM alphas normal :
tensor([[0.0956, 0.0957, 0.0956, 0.2612, 0.0958, 0.0959, 0.2601],
        [0.0959, 0.0957, 0.0956, 0.2601, 0.0958, 0.2607, 0.0962],
        [0.2607, 0.0956, 0.0957, 0.0956, 0.2605, 0.0958, 0.0961],
        [0.2605, 0.0957, 0.0956, 0.0961, 0.0958, 0.0959, 0.2603],
        [0.0957, 0.0960, 0.2611, 0.0958, 0.2601, 0.0957, 0.0956],
        [0.0959, 0.2603, 0.0961, 0.0958, 0.0957, 0.2605, 0.0956],
        [0.0957, 0.0959, 0.2602, 0.2608, 0.0958, 0.0959, 0.0957],
        [0.2605, 0.0959, 0.2607, 0.0959, 0.0954, 0.0959, 0.0957],
        [0.0960, 0.0958, 0.0958, 0.0956, 0.2605, 0.0960, 0.2603],
        [0.2602, 0.0955, 0.0958, 0.0957, 0.0958, 0.0957, 0.2613],
        [0.0955, 0.0958, 0.0958, 0.2609, 0.2605, 0.0958, 0.0957],
        [0.0959, 0.0958, 0.0957, 0.2598, 0.0959, 0.0958, 0.2611],
        [0.0957, 0.0958, 0.0957, 0.0958, 0.0956, 0.2608, 0.2607],
        [0.0959, 0.0957, 0.0958, 0.0957, 0.0958, 0.2607, 0.2605]])
05/21 11:03:58 PM alphas reduce :
tensor([[0.2612, 0.2605, 0.0956, 0.0958, 0.0954, 0.0956, 0.0959],
        [0.0957, 0.0955, 0.2602, 0.0957, 0.2613, 0.0959, 0.0957],
        [0.0957, 0.2601, 0.0957, 0.0958, 0.2608, 0.0957, 0.0961],
        [0.0958, 0.2610, 0.0959, 0.2605, 0.0955, 0.0957, 0.0956],
        [0.0959, 0.0958, 0.2606, 0.2604, 0.0957, 0.0959, 0.0957],
        [0.0957, 0.0959, 0.0957, 0.0955, 0.2600, 0.2616, 0.0956],
        [0.0956, 0.2605, 0.0957, 0.0957, 0.2608, 0.0959, 0.0958],
        [0.0959, 0.2604, 0.0957, 0.0957, 0.0960, 0.0958, 0.2605],
        [0.2606, 0.0960, 0.0958, 0.0961, 0.0958, 0.2600, 0.0957],
        [0.2602, 0.0958, 0.0956, 0.0960, 0.2606, 0.0959, 0.0958],
        [0.0958, 0.0957, 0.2606, 0.0957, 0.2607, 0.0957, 0.0958],
        [0.2606, 0.0956, 0.0958, 0.0958, 0.0957, 0.0958, 0.2607],
        [0.0956, 0.2606, 0.0957, 0.0959, 0.2607, 0.0958, 0.0958],
        [0.0959, 0.2604, 0.0958, 0.0958, 0.0960, 0.2599, 0.0963]])
05/21 11:03:58 PM genotype = Genotype(normal=[('sep_conv_3x3', 0), ('dil_conv_3x3', 1), ('skip_connect', 2), ('avg_pool_3x3', 0), ('sep_conv_3x3', 1), ('skip_connect', 2), ('dil_conv_5x5', 0), ('dil_conv_5x5', 2)], normal_concat=range(2, 6), reduce=[('sep_conv_5x5', 1), ('avg_pool_3x3', 0), ('max_pool_3x3', 1), ('sep_conv_5x5', 0), ('dil_conv_3x3', 0), ('sep_conv_5x5', 1), ('dil_conv_5x5', 2), ('sep_conv_5x5', 1)], reduce_concat=range(2, 6))
05/21 11:05:36 PM loss = 28.125000
05/21 11:05:36 PM alphas normal :
tensor([[0.0957, 0.0956, 0.0956, 0.2610, 0.0959, 0.0958, 0.2604],
        [0.0958, 0.0957, 0.0955, 0.2605, 0.0957, 0.2606, 0.0961],
        [0.2610, 0.0955, 0.0956, 0.0955, 0.2605, 0.0958, 0.0960],
        [0.2608, 0.0957, 0.0956, 0.0962, 0.0957, 0.0959, 0.2601],
        [0.0957, 0.0962, 0.2610, 0.0958, 0.2601, 0.0956, 0.0956],
        [0.0959, 0.2601, 0.0961, 0.0960, 0.0958, 0.2605, 0.0955],
        [0.0956, 0.0960, 0.2602, 0.2607, 0.0957, 0.0960, 0.0957],
        [0.2608, 0.0959, 0.2606, 0.0957, 0.0954, 0.0959, 0.0957],
        [0.0960, 0.0958, 0.0958, 0.0957, 0.2603, 0.0960, 0.2604],
        [0.2601, 0.0955, 0.0958, 0.0958, 0.0959, 0.0958, 0.2611],
        [0.0954, 0.0957, 0.0958, 0.2611, 0.2606, 0.0957, 0.0956],
        [0.0960, 0.0958, 0.0957, 0.2597, 0.0958, 0.0958, 0.2612],
        [0.0956, 0.0957, 0.0956, 0.0958, 0.0955, 0.2610, 0.2609],
        [0.0959, 0.0956, 0.0957, 0.0958, 0.0958, 0.2606, 0.2606]])
05/21 11:05:36 PM alphas reduce :
tensor([[0.2611, 0.2607, 0.0956, 0.0959, 0.0954, 0.0956, 0.0958],
        [0.0957, 0.0956, 0.2600, 0.0957, 0.2614, 0.0958, 0.0958],
        [0.0958, 0.2600, 0.0958, 0.0957, 0.2608, 0.0956, 0.0962],
        [0.0958, 0.2609, 0.0959, 0.2606, 0.0956, 0.0956, 0.0957],
        [0.0961, 0.0958, 0.2604, 0.2606, 0.0957, 0.0958, 0.0956],
        [0.0958, 0.0959, 0.0957, 0.0955, 0.2598, 0.2618, 0.0955],
        [0.0955, 0.2604, 0.0957, 0.0957, 0.2609, 0.0959, 0.0958],
        [0.0959, 0.2603, 0.0957, 0.0957, 0.0958, 0.0958, 0.2608],
        [0.2610, 0.0960, 0.0958, 0.0960, 0.0958, 0.2597, 0.0956],
        [0.2600, 0.0958, 0.0956, 0.0960, 0.2606, 0.0961, 0.0958],
        [0.0959, 0.0956, 0.2605, 0.0957, 0.2610, 0.0956, 0.0958],
        [0.2605, 0.0958, 0.0958, 0.0959, 0.0956, 0.0957, 0.2607],
        [0.0956, 0.2609, 0.0956, 0.0958, 0.2607, 0.0957, 0.0957],
        [0.0958, 0.2605, 0.0958, 0.0959, 0.0960, 0.2599, 0.0962]])
05/21 11:05:36 PM genotype = Genotype(normal=[('sep_conv_3x3', 0), ('dil_conv_3x3', 1), ('avg_pool_3x3', 0), ('skip_connect', 2), ('avg_pool_3x3', 2), ('sep_conv_3x3', 1), ('dil_conv_5x5', 2), ('sep_conv_3x3', 1)], normal_concat=range(2, 6), reduce=[('sep_conv_5x5', 1), ('avg_pool_3x3', 0), ('max_pool_3x3', 1), ('sep_conv_5x5', 0), ('dil_conv_3x3', 0), ('avg_pool_3x3', 3), ('sep_conv_5x5', 1), ('max_pool_3x3', 3)], reduce_concat=range(2, 6))
05/21 11:05:37 PM train 000 1.530925e+00 45.312500 92.187500
05/21 11:06:17 PM train 050 1.104140e+00 60.998775 96.139706
05/21 11:06:56 PM train 100 1.114633e+00 60.396040 95.869431
05/21 11:07:37 PM train 150 1.124744e+00 59.944123 95.871275
05/21 11:08:17 PM train 200 1.109612e+00 60.611007 95.973259
05/21 11:08:58 PM train 250 1.102526e+00 60.862799 96.078187
05/21 11:09:38 PM train 300 1.099073e+00 60.880399 96.117110
05/21 11:10:19 PM train 350 1.097663e+00 61.026531 96.087073
05/21 11:10:52 PM train_acc 61.108000
05/21 11:10:52 PM valid 000 2.113358e+00 39.062500 84.375000
05/21 11:11:11 PM valid 050 1.950965e+00 40.471814 85.784314
05/21 11:11:30 PM valid 100 1.925824e+00 40.176361 86.370668
05/21 11:11:49 PM valid 150 1.926367e+00 40.293874 86.392798
05/21 11:12:07 PM valid 200 1.917878e+00 40.500622 86.458333
05/21 11:12:26 PM valid 250 1.927573e+00 40.544074 86.155378
05/21 11:12:45 PM valid 300 1.935139e+00 40.614618 86.186669
05/21 11:13:04 PM valid 350 1.937517e+00 40.500356 86.075499
05/21 11:13:21 PM valid_acc 40.584000
05/21 11:13:21 PM epoch 5 lr 9.755283e-02
05/21 11:13:21 PM alphas normal :
tensor([[0.0957, 0.0956, 0.0956, 0.2610, 0.0959, 0.0958, 0.2604],
        [0.0958, 0.0957, 0.0955, 0.2605, 0.0957, 0.2606, 0.0961],
        [0.2610, 0.0955, 0.0956, 0.0955, 0.2605, 0.0958, 0.0960],
        [0.2608, 0.0957, 0.0956, 0.0962, 0.0957, 0.0959, 0.2601],
        [0.0957, 0.0962, 0.2610, 0.0958, 0.2601, 0.0956, 0.0956],
        [0.0959, 0.2601, 0.0961, 0.0960, 0.0958, 0.2605, 0.0955],
        [0.0956, 0.0960, 0.2602, 0.2607, 0.0957, 0.0960, 0.0957],
        [0.2608, 0.0959, 0.2606, 0.0957, 0.0954, 0.0959, 0.0957],
        [0.0960, 0.0958, 0.0958, 0.0957, 0.2603, 0.0960, 0.2604],
        [0.2601, 0.0955, 0.0958, 0.0958, 0.0959, 0.0958, 0.2611],
        [0.0954, 0.0957, 0.0958, 0.2611, 0.2606, 0.0957, 0.0956],
        [0.0960, 0.0958, 0.0957, 0.2597, 0.0958, 0.0958, 0.2612],
        [0.0956, 0.0957, 0.0956, 0.0958, 0.0955, 0.2610, 0.2609],
        [0.0959, 0.0956, 0.0957, 0.0958, 0.0958, 0.2606, 0.2606]])
05/21 11:13:21 PM alphas reduce :
tensor([[0.2611, 0.2607, 0.0956, 0.0959, 0.0954, 0.0956, 0.0958],
        [0.0957, 0.0956, 0.2600, 0.0957, 0.2614, 0.0958, 0.0958],
        [0.0958, 0.2600, 0.0958, 0.0957, 0.2608, 0.0956, 0.0962],
        [0.0958, 0.2609, 0.0959, 0.2606, 0.0956, 0.0956, 0.0957],
        [0.0961, 0.0958, 0.2604, 0.2606, 0.0957, 0.0958, 0.0956],
        [0.0958, 0.0959, 0.0957, 0.0955, 0.2598, 0.2618, 0.0955],
        [0.0955, 0.2604, 0.0957, 0.0957, 0.2609, 0.0959, 0.0958],
        [0.0959, 0.2603, 0.0957, 0.0957, 0.0958, 0.0958, 0.2608],
        [0.2610, 0.0960, 0.0958, 0.0960, 0.0958, 0.2597, 0.0956],
        [0.2600, 0.0958, 0.0956, 0.0960, 0.2606, 0.0961, 0.0958],
        [0.0959, 0.0956, 0.2605, 0.0957, 0.2610, 0.0956, 0.0958],
        [0.2605, 0.0958, 0.0958, 0.0959, 0.0956, 0.0957, 0.2607],
        [0.0956, 0.2609, 0.0956, 0.0958, 0.2607, 0.0957, 0.0957],
        [0.0958, 0.2605, 0.0958, 0.0959, 0.0960, 0.2599, 0.0962]])
05/21 11:13:21 PM genotype = Genotype(normal=[('sep_conv_3x3', 0), ('dil_conv_3x3', 1), ('avg_pool_3x3', 0), ('skip_connect', 2), ('avg_pool_3x3', 2), ('sep_conv_3x3', 1), ('dil_conv_5x5', 2), ('sep_conv_3x3', 1)], normal_concat=range(2, 6), reduce=[('sep_conv_5x5', 1), ('avg_pool_3x3', 0), ('max_pool_3x3', 1), ('sep_conv_5x5', 0), ('dil_conv_3x3', 0), ('avg_pool_3x3', 3), ('sep_conv_5x5', 1), ('max_pool_3x3', 3)], reduce_concat=range(2, 6))
05/21 11:14:58 PM loss = 40.625000
05/21 11:14:58 PM alphas normal :
tensor([[0.0958, 0.0956, 0.0955, 0.2608, 0.0959, 0.0957, 0.2607],
        [0.0958, 0.0957, 0.0955, 0.2609, 0.0956, 0.2605, 0.0961],
        [0.2614, 0.0954, 0.0956, 0.0954, 0.2605, 0.0958, 0.0959],
        [0.2610, 0.0958, 0.0956, 0.0962, 0.0956, 0.0958, 0.2599],
        [0.0957, 0.0964, 0.2610, 0.0958, 0.2600, 0.0956, 0.0956],
        [0.0959, 0.2600, 0.0962, 0.0961, 0.0959, 0.2605, 0.0955],
        [0.0956, 0.0961, 0.2601, 0.2606, 0.0957, 0.0962, 0.0957],
        [0.2610, 0.0960, 0.2605, 0.0956, 0.0953, 0.0958, 0.0958],
        [0.0961, 0.0958, 0.0958, 0.0957, 0.2601, 0.0961, 0.2604],
        [0.2601, 0.0956, 0.0958, 0.0958, 0.0959, 0.0959, 0.2609],
        [0.0953, 0.0957, 0.0958, 0.2614, 0.2607, 0.0956, 0.0956],
        [0.0961, 0.0958, 0.0958, 0.2595, 0.0957, 0.0957, 0.2613],
        [0.0956, 0.0956, 0.0954, 0.0957, 0.0954, 0.2611, 0.2611],
        [0.0960, 0.0955, 0.0956, 0.0959, 0.0958, 0.2605, 0.2607]])
05/21 11:14:58 PM alphas reduce :
tensor([[0.2609, 0.2608, 0.0955, 0.0960, 0.0955, 0.0957, 0.0957],
        [0.0958, 0.0957, 0.2598, 0.0957, 0.2615, 0.0957, 0.0958],
        [0.0959, 0.2599, 0.0958, 0.0957, 0.2609, 0.0955, 0.0963],
        [0.0957, 0.2608, 0.0958, 0.2607, 0.0957, 0.0955, 0.0957],
        [0.0962, 0.0958, 0.2602, 0.2608, 0.0957, 0.0958, 0.0955],
        [0.0958, 0.0960, 0.0956, 0.0955, 0.2595, 0.2621, 0.0955],
        [0.0955, 0.2603, 0.0958, 0.0958, 0.2610, 0.0959, 0.0957],
        [0.0959, 0.2602, 0.0957, 0.0956, 0.0957, 0.0958, 0.2611],
        [0.2614, 0.0960, 0.0958, 0.0960, 0.0959, 0.2594, 0.0956],
        [0.2598, 0.0959, 0.0955, 0.0961, 0.2606, 0.0962, 0.0959],
        [0.0960, 0.0955, 0.2603, 0.0957, 0.2613, 0.0956, 0.0957],
        [0.2604, 0.0959, 0.0957, 0.0959, 0.0956, 0.0956, 0.2608],
        [0.0956, 0.2612, 0.0956, 0.0957, 0.2607, 0.0957, 0.0957],
        [0.0958, 0.2606, 0.0957, 0.0959, 0.0960, 0.2599, 0.0961]])
05/21 11:14:58 PM genotype = Genotype(normal=[('sep_conv_3x3', 1), ('sep_conv_3x3', 0), ('avg_pool_3x3', 0), ('avg_pool_3x3', 1), ('avg_pool_3x3', 2), ('sep_conv_3x3', 1), ('sep_conv_3x3', 1), ('dil_conv_5x5', 2)], normal_concat=range(2, 6), reduce=[('sep_conv_5x5', 1), ('avg_pool_3x3', 0), ('sep_conv_5x5', 0), ('max_pool_3x3', 1), ('dil_conv_3x3', 0), ('avg_pool_3x3', 3), ('sep_conv_5x5', 1), ('max_pool_3x3', 3)], reduce_concat=range(2, 6))
05/21 11:14:59 PM train 000 9.649929e-01 68.750000 96.875000
05/21 11:15:40 PM train 050 1.051785e+00 62.438725 96.047794
05/21 11:16:19 PM train 100 1.060070e+00 62.267946 96.163366
05/21 11:17:00 PM train 150 1.050974e+00 62.644868 96.367964
05/21 11:17:40 PM train 200 1.052806e+00 62.912002 96.206468
05/21 11:18:20 PM train 250 1.044052e+00 63.234562 96.240040
05/21 11:19:00 PM train 300 1.036806e+00 63.294228 96.293605
05/21 11:19:41 PM train 350 1.034726e+00 63.314637 96.354167
05/21 11:20:14 PM train_acc 63.560000
05/21 11:20:14 PM valid 000 1.089027e+00 60.937500 96.875000
05/21 11:20:33 PM valid 050 1.371010e+00 55.575980 92.616422
05/21 11:20:52 PM valid 100 1.392958e+00 55.414604 91.893564
05/21 11:21:11 PM valid 150 1.375457e+00 55.856788 91.908113
05/21 11:21:30 PM valid 200 1.379375e+00 55.527052 92.070896
05/21 11:21:49 PM valid 250 1.377478e+00 55.795568 92.081673
05/21 11:22:07 PM valid 300 1.367590e+00 56.026786 92.135590
05/21 11:22:25 PM valid 350 1.365140e+00 56.152066 92.165242
05/21 11:22:40 PM valid_acc 56.080000
05/21 11:22:41 PM epoch 6 lr 9.648882e-02
05/21 11:22:41 PM alphas normal :
tensor([[0.0958, 0.0956, 0.0955, 0.2608, 0.0959, 0.0957, 0.2607],
        [0.0958, 0.0957, 0.0955, 0.2609, 0.0956, 0.2605, 0.0961],
        [0.2614, 0.0954, 0.0956, 0.0954, 0.2605, 0.0958, 0.0959],
        [0.2610, 0.0958, 0.0956, 0.0962, 0.0956, 0.0958, 0.2599],
        [0.0957, 0.0964, 0.2610, 0.0958, 0.2600, 0.0956, 0.0956],
        [0.0959, 0.2600, 0.0962, 0.0961, 0.0959, 0.2605, 0.0955],
        [0.0956, 0.0961, 0.2601, 0.2606, 0.0957, 0.0962, 0.0957],
        [0.2610, 0.0960, 0.2605, 0.0956, 0.0953, 0.0958, 0.0958],
        [0.0961, 0.0958, 0.0958, 0.0957, 0.2601, 0.0961, 0.2604],
        [0.2601, 0.0956, 0.0958, 0.0958, 0.0959, 0.0959, 0.2609],
        [0.0953, 0.0957, 0.0958, 0.2614, 0.2607, 0.0956, 0.0956],
        [0.0961, 0.0958, 0.0958, 0.2595, 0.0957, 0.0957, 0.2613],
        [0.0956, 0.0956, 0.0954, 0.0957, 0.0954, 0.2611, 0.2611],
        [0.0960, 0.0955, 0.0956, 0.0959, 0.0958, 0.2605, 0.2607]])
05/21 11:22:41 PM alphas reduce :
tensor([[0.2609, 0.2608, 0.0955, 0.0960, 0.0955, 0.0957, 0.0957],
        [0.0958, 0.0957, 0.2598, 0.0957, 0.2615, 0.0957, 0.0958],
        [0.0959, 0.2599, 0.0958, 0.0957, 0.2609, 0.0955, 0.0963],
        [0.0957, 0.2608, 0.0958, 0.2607, 0.0957, 0.0955, 0.0957],
        [0.0962, 0.0958, 0.2602, 0.2608, 0.0957, 0.0958, 0.0955],
        [0.0958, 0.0960, 0.0956, 0.0955, 0.2595, 0.2621, 0.0955],
        [0.0955, 0.2603, 0.0958, 0.0958, 0.2610, 0.0959, 0.0957],
        [0.0959, 0.2602, 0.0957, 0.0956, 0.0957, 0.0958, 0.2611],
        [0.2614, 0.0960, 0.0958, 0.0960, 0.0959, 0.2594, 0.0956],
        [0.2598, 0.0959, 0.0955, 0.0961, 0.2606, 0.0962, 0.0959],
        [0.0960, 0.0955, 0.2603, 0.0957, 0.2613, 0.0956, 0.0957],
        [0.2604, 0.0959, 0.0957, 0.0959, 0.0956, 0.0956, 0.2608],
        [0.0956, 0.2612, 0.0956, 0.0957, 0.2607, 0.0957, 0.0957],
        [0.0958, 0.2606, 0.0957, 0.0959, 0.0960, 0.2599, 0.0961]])
05/21 11:22:41 PM genotype = Genotype(normal=[('sep_conv_3x3', 1), ('sep_conv_3x3', 0), ('avg_pool_3x3', 0), ('avg_pool_3x3', 1), ('avg_pool_3x3', 2), ('sep_conv_3x3', 1), ('sep_conv_3x3', 1), ('dil_conv_5x5', 2)], normal_concat=range(2, 6), reduce=[('sep_conv_5x5', 1), ('avg_pool_3x3', 0), ('sep_conv_5x5', 0), ('max_pool_3x3', 1), ('dil_conv_3x3', 0), ('avg_pool_3x3', 3), ('sep_conv_5x5', 1), ('max_pool_3x3', 3)], reduce_concat=range(2, 6))
05/21 11:24:19 PM loss = 34.375000
05/21 11:24:19 PM alphas normal :
tensor([[0.0958, 0.0955, 0.0958, 0.2606, 0.0958, 0.0957, 0.2606],
        [0.0957, 0.0956, 0.0954, 0.2606, 0.0955, 0.2611, 0.0960],
        [0.2614, 0.0955, 0.0956, 0.0954, 0.2603, 0.0960, 0.0959],
        [0.2611, 0.0959, 0.0956, 0.0962, 0.0957, 0.0957, 0.2597],
        [0.0957, 0.0964, 0.2609, 0.0959, 0.2600, 0.0955, 0.0957],
        [0.0961, 0.2599, 0.0961, 0.0962, 0.0959, 0.2603, 0.0955],
        [0.0955, 0.0963, 0.2599, 0.2607, 0.0957, 0.0962, 0.0956],
        [0.2611, 0.0961, 0.2603, 0.0957, 0.0953, 0.0958, 0.0957],
        [0.0961, 0.0959, 0.0957, 0.0958, 0.2601, 0.0961, 0.2603],
        [0.2598, 0.0955, 0.0957, 0.0958, 0.0959, 0.0960, 0.2613],
        [0.0953, 0.0956, 0.0957, 0.2616, 0.2607, 0.0955, 0.0956],
        [0.0960, 0.0959, 0.0959, 0.2595, 0.0957, 0.0957, 0.2612],
        [0.0955, 0.0957, 0.0954, 0.0959, 0.0954, 0.2612, 0.2609],
        [0.0959, 0.0955, 0.0957, 0.0962, 0.0958, 0.2603, 0.2607]])
05/21 11:24:19 PM alphas reduce :
tensor([[0.2607, 0.2607, 0.0955, 0.0961, 0.0955, 0.0957, 0.0958],
        [0.0957, 0.0956, 0.2599, 0.0956, 0.2615, 0.0958, 0.0959],
        [0.0958, 0.2596, 0.0958, 0.0957, 0.2612, 0.0954, 0.0963],
